#sample	rename	barcode	Data set ID	Library ID	total	3P unmatch	3P null	3P match	baseN	short	cleaned	%clean	tRNA	snoRNA	snRNA	chol	rRNA	final clean	%final clean
BE-S014	BE-S014	GGACGG	Dina101614	BD-2014-01	4167570	71329	1629961	2466280	1954	928677	1535649	36.85	431010	243	1252	197942	617492	287710	18.74
BE-S015	BE-S015	CTCTAC	Dina101614	BD-2014-01	5193728	109658	2105183	2978887	2535	825884	2150468	41.41	605017	362	1318	75736	466494	1001541	46.57
BE-S016	BE-S016	GCGGAC	Dina101614	BD-2014-01	5266834	129606	2223644	2913584	2360	959254	1951970	37.06	712109	277	1087	108984	655566	473947	24.28
BE-S017	BE-S017	TTTCAC	Dina101614	BD-2014-01	4748029	101359	2933191	1713479	1408	471403	1240668	26.13	464662	120	415	93229	327570	354672	28.59
BE-S018	BE-S018	GGCCAC	Dina101614	BD-2014-01	3879950	91801	1917975	1870174	1507	432088	1436579	37.03	461263	200	992	108047	491596	374481	26.07
ET-102	ET102	CGATTA	Dina101614	BD-2014-01	2056312	72937	1548644	434731	351	52090	382290	18.59	43281	27	69	5259	48514	285140	74.59
ET-112	ET112	GCTGTA	Dina101614	BD-2014-01	3087061	123079	1595909	1368073	1145	111842	1255086	40.66	88077	79	157	21661	82198	1062914	84.69
ET-11	ET11	CACTGT	Dina101614	BD-2014-01	2113837	48316	1727394	338127	288	30032	307807	14.56	19993	24	56	5491	62472	219771	71.40
ET-126	ET126	ATTATA	Dina101614	BD-2014-01	3278159	61710	1702433	1514016	1263	279472	1233281	37.62	362060	142	410	83426	196964	590279	47.86
ET-13	ET13	ATTGGC	Dina101614	BD-2014-01	3766725	84986	1893691	1788048	1497	93159	1693392	44.96	254419	98	232	40706	91849	1306088	77.13
ET-14	ET14	GATCTG	Dina101614	BD-2014-01	3191667	76668	1644485	1470514	1306	104851	1364357	42.75	272858	78	133	43665	71946	975677	71.51
ET-207	ET207	GAATGA	Dina101614	BD-2014-01	2852934	55240	1481856	1315838	1096	388088	926654	32.48	237929	75	103	49184	209228	430135	46.42
ET-20	ET20	TCAAGT	Dina101614	BD-2014-01	3629122	114586	1679976	1834560	1549	102672	1730339	47.68	201045	62	124	52853	65852	1410403	81.51
ET-22	ET22	CTGATC	Dina101614	BD-2014-01	2857062	89016	1406929	1361117	1207	61933	1297977	45.43	122466	43	75	28156	46798	1100439	84.78
ET-25	ET25	AAGCTA	Dina101614	BD-2014-01	2528474	85809	1064061	1378604	1205	73584	1303815	51.57	108155	23	53	20954	127077	1047553	80.35
ET-26	ET26	CGAAAC	Dina101614	BD-2014-01	3656207	94069	1560906	2001232	1730	75539	1923963	52.62	60202	31	316	7923	58987	1796504	93.38
ET-28	ET28	CGTACG	Dina101614	BD-2014-01	3538266	82321	1870077	1585868	1343	163958	1420567	40.15	191225	86	74	24236	97882	1107064	77.93
ET-30	ET30	CCACTC	Dina101614	BD-2014-01	2871521	74943	1437804	1358774	1166	86479	1271129	44.27	94518	66	398	8027	62595	1105525	86.97
ET-3	ET3	CGTGAT	Dina101614	BD-2014-01	2803724	92935	1209055	1501734	1301	103020	1397413	49.84	72031	34	78	28637	72210	1224423	87.62
ET-46	ET46	GCTACC	Dina101614	BD-2014-01	2660923	78628	1496277	1086018	928	204411	880679	33.10	202493	123	167	43394	165159	469343	53.29
ET-47	ET47	ATCAGT	Dina101614	BD-2014-01	2793289	72815	1519101	1201373	1041	202649	997683	35.72	246430	167	233	51862	194554	504437	50.56
ET-4	ET4	ACATCG	Dina101614	BD-2014-01	2687169	82162	1260438	1344569	1182	50999	1292388	48.09	212123	29	116	24833	42622	1012665	78.36
ET-6	ET6	GCCTAA	Dina101614	BD-2014-01	2653753	57208	1566038	1030507	841	112008	917658	34.58	204088	37	107	15644	56740	641042	69.86
ET-75	ET75	GCTCAT	Dina101614	BD-2014-01	2689618	104960	1362357	1222301	1037	106809	1114455	41.44	75520	86	238	16151	71709	950751	85.31
ET-81	ET81	AGGAAT	Dina101614	BD-2014-01	2697599	83077	1268773	1345749	1120	81625	1263004	46.82	100723	98	154	24976	85521	1051532	83.26
ET-84	ET84	CTTTTG	Dina101614	BD-2014-01	2665290	50981	1321801	1292508	1120	141969	1149419	43.13	94473	66	289	14406	79277	960908	83.60
ET-85	ET85	TAGTTG	Dina101614	BD-2014-01	2659308	35790	1424747	1198771	994	428065	769712	28.94	281736	53	170	39761	169570	278422	36.17
ET-88	ET88	CCGGTG	Dina101614	BD-2014-01	2723754	49013	1559642	1115099	977	291946	822176	30.19	191586	123	139	12910	128957	488461	59.41
ET-99	ET99	GTCGTC	Dina101614	BD-2014-01	3286723	123269	1631453	1532001	1274	104212	1426515	43.40	109902	34	119	22973	53394	1240093	86.93
ET-9	ET9	TGGTCA	Dina101614	BD-2014-01	3008263	84888	1418095	1505280	1241	59282	1444757	48.03	215691	51	183	27356	78489	1122987	77.73
GU-S001	GU-S001	TGACAT	Dina101614	BD-2014-01	1095905	19637	830859	245409	189	77239	167981	15.33	20326	29	30	3532	72585	71479	42.55
GU-S006	GU-S006	TGCCGA	Dina101614	BD-2014-01	1730424	63220	1060529	606675	482	44256	561937	32.47	105675	34	72	12212	48101	395843	70.44
NI-S043		ATCGTG	Dina101614	BD-2014-01	3531952	61144	1561407	1909401	1561	698462	1209378	34.24	118649	225	871	54693	781056	253884	20.99
NI-S044		TGAGTG	Dina101614	BD-2014-01	3673965	58313	1508869	2106783	1670	816166	1288947	35.08	95308	230	992	46230	857750	288437	22.38
NI-S045		CGCCTG	Dina101614	BD-2014-01	2799902	48709	1367037	1384156	1213	457105	925838	33.07	55727	143	588	39896	646688	182796	19.74
NI-S046		GCCATG	Dina101614	BD-2014-01	3096625	44740	1453698	1598187	1307	605642	991238	32.01	79317	240	822	31633	680354	198872	20.06
NI-S047		AAAATG	Dina101614	BD-2014-01	3392881	50921	1446553	1895407	1560	633961	1259886	37.13	81339	272	1206	50280	811542	315247	25.02
NI-S048		TGTTGG	Dina101614	BD-2014-01	3144640	52734	1366613	1725293	1438	534359	1189496	37.83	88171	235	1016	47318	660834	391922	32.95
NI-S049		ATTCCG	Dina101614	BD-2014-01	4680157	68623	2030051	2581483	2055	1038321	1541107	32.93	132215	319	1277	82123	861085	464088	30.11
NI-S050		AGCTAG	Dina101614	BD-2014-01	3845775	72595	1629512	2143668	1744	765449	1376475	35.79	104630	386	1207	79724	758026	432502	31.42
NI-S051		GTATAG	Dina101614	BD-2014-01	4278753	64783	1517207	2696763	2171	1075947	1618645	37.83	148076	272	1014	91845	1068457	308981	19.09
NI-S052		TCTGAG	Dina101614	BD-2014-01	3881909	75745	1500120	2306044	1981	779494	1524569	39.27	142960	291	821	118564	743781	518152	33.99
NI-S053		TCGGGA	Dina101614	BD-2014-01	3232104	72807	1344390	1814907	1545	496445	1316917	40.74	116361	275	1155	111969	724216	362941	27.56
NI-S054		CTTCGA	Dina101614	BD-2014-01	2833800	59311	1224418	1550071	1283	400218	1148570	40.53	140704	269	715	83830	462150	460902	40.13
TZ-154	TZ154	GTAGCC	Dina101614	BD-2014-01	2341921	62261	1319064	960596	853	113472	846271	36.14	219051	110	189	22219	115465	489237	57.81
TZ-191	TZ191	TACAAG	Dina101614	BD-2014-01	1832738	43897	1108351	680490	638	70623	609229	33.24	171482	179	158	14018	115921	307471	50.47
TZ-241	TZ241	TTGACT	Dina101614	BD-2014-01	2778955	76928	1233731	1468296	1274	134090	1332932	47.97	198384	64	194	29927	116579	987784	74.11
TZ-261	TZ261	GGAACT	Dina101614	BD-2014-01	2808330	59454	1769114	979762	845	185031	793886	28.27	168282	310	300	10176	114883	499935	62.97
ET-1	ET1	CGTGAT	Dina020215	BD-2014-02	4134461	199166	1504061	2431234	512	81133	2349589	56.83	197368	43	211	66471	78619	2006877	85.41
ET-10	ET10	GCCTAA	Dina020215	BD-2014-02	2696698	114039	1105124	1477535	265	93017	1384253	51.33	285548	67	298	12146	58972	1027222	74.21
ET-12	ET12	TGGTCA	Dina020215	BD-2014-02	2410600	113812	934050	1362738	227	46025	1316486	54.61	114095	19	216	27971	42179	1132006	85.99
ET-15	ET15	CACTGT	Dina020215	BD-2014-02	2420157	83701	899783	1436673	253	108657	1327763	54.86	264499	71	272	31000	59766	972155	73.22
ET-16	ET16	ATTGGC	Dina020215	BD-2014-02	2087312	93473	819493	1174346	198	77757	1096391	52.53	143043	117	223	40753	134448	777807	70.94
ET-17	ET17	GATCTG	Dina020215	BD-2014-02	1770944	64005	703525	1003414	185	74181	929048	52.46	133316	51	151	29582	53726	712222	76.66
ET-18	ET18	TCAAGT	Dina020215	BD-2014-02	1952315	70509	752037	1129769	202	156415	973152	49.85	224082	76	224	27038	64933	656799	67.49
ET-19	ET19	CTGATC	Dina020215	BD-2014-02	4003217	140714	1582518	2279985	435	98649	2180901	54.48	291166	68	185	46603	112855	1730024	79.33
ET-21	ET21	AAGCTA	Dina020215	BD-2014-02	2511743	112922	1004097	1394724	276	54193	1340255	53.36	140805	25	63	21700	46285	1131377	84.42
ET-23	ET23	GTAGCC	Dina020215	BD-2014-02	2401243	113708	952831	1334704	243	40685	1293776	53.88	113750	29	375	14749	60732	1104141	85.34
ET-24	ET24	TACAAG	Dina020215	BD-2014-02	2767774	83502	782892	1901380	322	99046	1802012	65.11	45749	22	246	5031	38467	1712497	95.03
ET-27	ET27	TTGACT	Dina020215	BD-2014-02	2482083	99335	994624	1388124	298	57808	1330018	53.58	228563	83	141	25886	80968	994377	74.76
ET-31	ET31	GGAACT	Dina020215	BD-2014-02	2474633	75240	731197	1668196	255	464494	1203447	48.63	192478	84	205	12702	72437	925541	76.91
ET-32	ET32	TGACAT	Dina020215	BD-2014-02	1951702	67741	632883	1251078	137	654576	596365	30.56	34422	31	158	3503	16749	541502	90.80
ET-33	ET33	GGACGG	Dina020215	BD-2014-02	1736276	78951	663385	993940	152	281759	712029	41.01	58045	49	105	9676	126783	517371	72.66
ET-34	ET34	CTCTAC	Dina020215	BD-2014-02	3440335	122061	1327396	1990878	217	1300122	690539	20.07	79007	38	122	7660	56428	547284	79.25
ET-35	ET35	GCGGAC	Dina020215	BD-2014-02	3270494	116711	1236145	1917638	358	181910	1735370	53.06	210409	78	199	14957	112603	1397124	80.51
ET-36	ET36	TTTCAC	Dina020215	BD-2014-02	2553496	73452	933733	1546311	186	726112	820013	32.11	92452	44	185	15965	103671	607696	74.11
ET-8	ET8	ACATCG	Dina020215	BD-2014-02	3396482	134489	1243792	2018201	385	183117	1834699	54.02	393199	62	135	43318	84935	1313050	71.57
GU-S021	GU-S021	TCTGAG	Dina020215	BD-2014-02	3481618	169890	1753374	1558354	297	209674	1348383	38.73	288729	142	207	17733	100393	941179	69.80
MW-S082	MW-S082	GGCCAC	Dina020215	BD-2014-02	2166146	82845	689035	1394266	275	43443	1350548	62.35	80672	8	154	13424	37166	1219124	90.27
MW-S084	MW-S084	CGAAAC	Dina020215	BD-2014-02	2158832	80953	713991	1363888	279	58322	1305287	60.46	185832	19	68	30127	34472	1054769	80.81
MW-S085	MW-S085	CGTACG	Dina020215	BD-2014-02	2069583	84901	751812	1232870	221	57239	1175410	56.79	166425	31	115	17193	30284	961362	81.79
MW-S086	MW-S086	CCACTC	Dina020215	BD-2014-02	2013357	71624	696020	1245713	220	49956	1195537	59.38	161553	11	127	16047	42810	974989	81.55
MW-S087	MW-S087	GCTACC	Dina020215	BD-2014-02	2143768	87494	814902	1241372	211	186310	1054851	49.21	151312	29	126	26089	37504	839791	79.61
NI-S001		GTCGTC	Dina020215	BD-2014-02	3189871	110060	1407504	1672307	277	213222	1458808	45.73	215356	166	477	25123	129453	1088233	74.60
NI-S002		CGATTA	Dina020215	BD-2014-02	3160745	99798	829048	2231899	277	999308	1232314	38.99	387682	179	1063	65137	197557	580696	47.12
NI-S003		GCTGTA	Dina020215	BD-2014-02	2570026	76681	794460	1698885	233	687612	1011040	39.34	251743	142	971	108484	410130	239570	23.70
NI-S004		ATTATA	Dina020215	BD-2014-02	2491535	79066	821005	1591464	237	515878	1075349	43.16	391739	94	640	54294	258082	370500	34.45
NI-S005		GAATGA	Dina020215	BD-2014-02	3130878	109309	969913	2051656	290	748163	1303203	41.62	274069	131	624	146009	591519	290851	22.32
NI-S006		TCGGGA	Dina020215	BD-2014-02	2854828	82239	763740	2008849	271	745939	1262639	44.23	228435	141	756	86336	544641	402330	31.86
NI-S007		CTTCGA	Dina020215	BD-2014-02	2955559	71993	765567	2117999	297	823486	1294216	43.79	238506	174	1467	65316	602927	385826	29.81
NI-S008		TGCCGA	Dina020215	BD-2014-02	2312273	50505	629823	1631945	170	796268	835507	36.13	93427	71	314	98227	507034	136434	16.33
ZW-S001	ZW-S001	ATCAGT	Dina020215	BD-2014-02	5131773	187789	1460781	3483203	649	381422	3101132	60.43	917031	102	234	35656	85994	2062115	66.50
ZW-S002	ZW-S002	GCTCAT	Dina020215	BD-2014-02	4522008	159573	1707072	2655363	538	85565	2569260	56.82	502183	38	65	95318	49429	1922227	74.82
ZW-S006	ZW-S006	AGGAAT	Dina020215	BD-2014-02	4576743	262980	1919029	2394734	494	69879	2324361	50.79	332337	32	126	46009	69479	1876378	80.73
ZW-S007	ZW-S007	CTTTTG	Dina020215	BD-2014-02	3954564	165061	1464295	2325208	427	62419	2262362	57.21	250116	28	270	40626	54022	1917300	84.75
ZW-S008	ZW-S008	TAGTTG	Dina020215	BD-2014-02	3011759	118042	1064044	1829673	322	80585	1748766	58.06	216619	26	355	27834	54120	1449812	82.90
ZW-S009	ZW-S009	CCGGTG	Dina020215	BD-2014-02	2524600	82004	829477	1613119	308	88899	1523912	60.36	273317	46	102	25235	36734	1188478	77.99
ZW-S010	ZW-S010	ATCGTG	Dina020215	BD-2014-02	1704723	69431	655311	979981	92	585582	394307	23.13	77781	14	47	6054	25627	284784	72.22
ZW-S011	ZW-S011	TGAGTG	Dina020215	BD-2014-02	1983301	78048	650704	1254549	248	75193	1179108	59.45	216409	29	77	13854	38605	910134	77.19
ZW-S012	ZW-S012	CGCCTG	Dina020215	BD-2014-02	3355795	221172	258021	2876602	426	1080162	1796014	53.52	275035	26	116	14298	33527	1473012	82.02
ZW-S013	ZW-S013	GCCATG	Dina020215	BD-2014-02	3337064	148895	1315798	1872371	328	78886	1793157	53.73	133337	40	113	43065	53837	1562765	87.15
ZW-S014	ZW-S014	AAAATG	Dina020215	BD-2014-02	4002855	171082	1393113	2438660	440	92831	2345389	58.59	174828	33	358	46089	69196	2054885	87.61
ZW-S015	ZW-S015	TGTTGG	Dina020215	BD-2014-02	4552559	151036	1548242	2853281	537	255622	2597122	57.05	409716	57	116	42486	78710	2066037	79.55
ZW-S016	ZW-S016	ATTCCG	Dina020215	BD-2014-02	3444394	109851	1350681	1983862	323	190765	1792774	52.05	281799	57	259	20222	61564	1428873	79.70
ZW-S017	ZW-S017	AGCTAG	Dina020215	BD-2014-02	3766326	121134	1376966	2268226	361	135583	2132282	56.61	195768	34	51	44438	55509	1836482	86.13
ZW-S018	ZW-S018	GTATAG	Dina020215	BD-2014-02	3804159	126250	1093974	2583935	427	152775	2430733	63.90	215864	43	252	25994	60660	2127920	87.54
ET-104	ET104	GCTGTA	Dina030215	BD-2015-01	3562667	85913	1326404	2150350	570	214683	1935097	54.32	130990	98	170	34145	102113	1667581	86.18
ET-105	ET105	ATTATA	Dina030215	BD-2015-01	3640340	92383	1216451	2331506	667	364905	1965934	54.00	171353	233	296	79989	126825	1587238	80.74
ET-107	ET107	GAATGA	Dina030215	BD-2015-01	3211916	83965	816896	2311055	629	389612	1920814	59.80	215856	276	616	60286	201850	1441930	75.07
ET-108	ET108	TCGGGA	Dina030215	BD-2015-01	2869047	102753	750191	2016103	563	97032	1918508	66.87	40127	27	253	24626	59803	1793672	93.49
ET-109	ET109	CTTCGA	Dina030215	BD-2015-01	3021983	89224	706979	2225780	583	75885	2149312	71.12	20111	9	146	7745	34756	2086545	97.08
ET-110	ET110	TGCCGA	Dina030215	BD-2015-01	2848590	81347	944340	1822903	451	770676	1051776	36.92	63704	49	150	17851	51139	918883	87.36
ET-38	ET38	CGTGAT	Dina030215	BD-2015-01	4006173	104964	1558534	2342675	692	484218	1857765	46.37	624814	385	1159	142532	492387	596488	32.11
ET-39	ET39	ACATCG	Dina030215	BD-2015-01	3927572	82637	1568981	2275954	642	228708	2046604	52.11	293221	291	411	44584	317534	1390563	67.94
ET-40	ET40	GCCTAA	Dina030215	BD-2015-01	3714763	111892	1652007	1950864	565	131803	1818496	48.95	399740	112	292	26181	478032	914139	50.27
ET-41	ET41	TGGTCA	Dina030215	BD-2015-01	3693484	90573	1376476	2226435	599	321468	1904368	51.56	235883	127	275	12539	708277	947267	49.74
ET-43	ET43	CACTGT	Dina030215	BD-2015-01	3921686	145848	1588894	2186944	638	249623	1936683	49.38	480182	298	340	57038	297639	1101186	56.86
ET-44	ET44	ATTGGC	Dina030215	BD-2015-01	3171768	99667	1290973	1781128	507	142735	1637886	51.64	322758	84	279	23618	158580	1132567	69.15
ET-45	ET45	GATCTG	Dina030215	BD-2015-01	3165418	77632	1083682	2004104	546	131721	1871837	59.13	125289	83	309	84347	176306	1485503	79.36
ET-48	ET48	TCAAGT	Dina030215	BD-2015-01	3234200	53019	1103209	2077972	609	327793	1749570	54.10	260088	100	363	20570	182444	1286005	73.50
ET-49	ET49	CTGATC	Dina030215	BD-2015-01	4656852	92336	1750206	2814310	755	551714	2261841	48.57	645928	405	562	87303	247134	1280509	56.61
ET-50	ET50	AAGCTA	Dina030215	BD-2015-01	3768754	66320	1740951	1961483	526	621606	1339351	35.54	608606	178	397	65121	175701	489348	36.54
ET-51	ET51	GTAGCC	Dina030215	BD-2015-01	3761000	82376	1463699	2214925	615	152981	2061329	54.81	341400	197	404	61699	214569	1443060	70.01
ET-52	ET52	TACAAG	Dina030215	BD-2015-01	3261871	87428	1367141	1807302	547	104206	1702549	52.20	153638	198	253	29200	133273	1385987	81.41
ET-53	ET53	TTGACT	Dina030215	BD-2015-01	3596129	100096	1333302	2162731	605	130581	2031545	56.49	210463	101	352	36158	112340	1672131	82.31
ET-54	ET54	GGAACT	Dina030215	BD-2015-01	3886384	98720	1536409	2251255	623	75906	2174726	55.96	139615	81	286	37020	68766	1928958	88.70
ET-55	ET55	TGACAT	Dina030215	BD-2015-01	3644600	112707	1524109	2007784	586	152185	1855013	50.90	260127	102	83	26896	291055	1276750	68.83
ET-56	ET56	GGACGG	Dina030215	BD-2015-01	3153078	106962	1162002	1884114	487	225557	1658070	52.59	185481	204	370	23471	158358	1290186	77.81
ET-57	ET57	CTCTAC	Dina030215	BD-2015-01	2621688	73779	1020421	1527488	413	74432	1452643	55.41	182369	76	146	30076	72674	1167302	80.36
ET-58	ET58	GCGGAC	Dina030215	BD-2015-01	2463915	63913	914627	1485375	432	61220	1423723	57.78	73266	26	77	27034	79097	1244223	87.39
ET-59	ET59	TTTCAC	Dina030215	BD-2015-01	3507965	84600	1170811	2252554	670	83331	2168553	61.82	162299	56	126	57157	95736	1853179	85.46
ET-61	ET61	GGCCAC	Dina030215	BD-2015-01	3718965	84211	1146595	2488159	660	74645	2412854	64.88	98964	33	134	49456	104300	2159967	89.52
ET-62	ET62	CGAAAC	Dina030215	BD-2015-01	3637360	91084	1259013	2287263	641	178876	2107746	57.95	244357	169	177	75288	111219	1676536	79.54
ET-63	ET63	CGTACG	Dina030215	BD-2015-01	3446053	63688	1075055	2307310	657	347675	1958978	56.85	300959	131	181	52960	117514	1487233	75.92
ET-64	ET64	CCACTC	Dina030215	BD-2015-01	3382592	67652	1154251	2160689	552	265136	1895001	56.02	206373	60	287	13839	180787	1493655	78.82
ET-67	ET67	GCTACC	Dina030215	BD-2015-01	3310791	91189	1280578	1939024	566	144475	1793983	54.19	225107	56	156	53184	178799	1336681	74.51
ET-68	ET68	ATCAGT	Dina030215	BD-2015-01	3681569	89889	1558348	2033332	577	261726	1771029	48.11	96343	59	323	10895	316569	1346840	76.05
ET-69	ET69	GCTCAT	Dina030215	BD-2015-01	3468163	78724	1428721	1960718	456	367404	1592858	45.93	42525	92	498	19693	75525	1454525	91.32
ET-70	ET70	AGGAAT	Dina030215	BD-2015-01	3518866	84244	1295526	2139096	589	76155	2062352	58.61	38853	42	193	14502	36197	1972565	95.65
ET-71	ET71	CTTTTG	Dina030215	BD-2015-01	2569691	64506	1111021	1394164	373	68396	1325395	51.58	57482	42	91	22555	51359	1193866	90.08
ET-72	ET72	TAGTTG	Dina030215	BD-2015-01	2522900	61899	925929	1535072	374	408809	1125889	44.63	28860	27	25	19300	54076	1023601	90.91
ET-73	ET73	CCGGTG	Dina030215	BD-2015-01	2286488	35755	920984	1329749	303	493837	835609	36.55	290053	64	219	55990	194753	294530	35.25
ET-74	ET74	ATCGTG	Dina030215	BD-2015-01	2330316	37741	914641	1377934	385	552620	824929	35.40	201949	65	256	45884	135456	441319	53.50
ET-76	ET76	TGAGTG	Dina030215	BD-2015-01	2071479	38616	665609	1367254	345	968853	398056	19.22	167408	48	163	19819	131320	79298	19.92
ET-77	ET77	CGCCTG	Dina030215	BD-2015-01	2033282	29135	798748	1205399	305	466429	738665	36.33	253782	116	410	56185	245148	183024	24.78
ET-78	ET78	GCCATG	Dina030215	BD-2015-01	2577817	38760	1029907	1509150	384	642812	865954	33.59	362480	84	261	81354	212150	209625	24.21
ET-79	ET79	AAAATG	Dina030215	BD-2015-01	2269197	60179	810140	1398878	420	144111	1254347	55.28	163337	126	294	51421	111869	927300	73.93
ET-82	ET82	TGTTGG	Dina030215	BD-2015-01	2091007	56323	934123	1100561	292	156649	943620	45.13	286198	131	333	24183	137195	495580	52.52
ET-83	ET83	ATTCCG	Dina030215	BD-2015-01	1943988	45180	833756	1065052	320	129051	935681	48.13	229977	150	206	37200	89794	578354	61.81
ET-86	ET86	AGCTAG	Dina030215	BD-2015-01	2031053	44121	803034	1183898	298	287595	896005	44.12	375786	132	413	76235	165336	278103	31.04
ET-87	ET87	GTATAG	Dina030215	BD-2015-01	1980613	36340	609405	1334868	359	255804	1078705	54.46	227958	57	376	26795	79061	744458	69.01
ET-94	ET94	TCTGAG	Dina030215	BD-2015-01	2022428	60906	687994	1273528	350	227702	1045476	51.69	316075	269	625	38190	91840	598477	57.24
ET-95	ET95	GTCGTC	Dina030215	BD-2015-01	2440809	59698	768223	1612888	414	119260	1493214	61.18	186486	77	476	28658	76754	1200763	80.41
ET-96	ET96	CGATTA	Dina030215	BD-2015-01	2810142	82126	817169	1910847	524	261265	1649058	58.68	508059	222	898	89736	211862	838281	50.83
AO-107	AO-S107	TTTCAC	Jan052815	BD-2015-02	2840692	95669	1138374	1606649	5722	259083	1341844	47.24	278699	73	149	20963	66939	975021	72.66
AO-109	AO-S109	CGAAAC	Jan052815	BD-2015-02	3183258	122545	1179851	1880862	6614	302526	1571722	49.37	259171	124	363	34251	106602	1171211	74.52
AO-110	AO-S110	CGTACG	Jan052815	BD-2015-02	2745076	83187	856790	1805099	4886	889538	910675	33.17	181136	46	109	21503	55823	652058	71.60
AO-111	AO-S111	CCACTC	Jan052815	BD-2015-02	2617169	88382	934592	1594195	4626	594891	994678	38.01	78205	86	360	31841	111099	773087	77.72
AO-112	AO-S112	GCTACC	Jan052815	BD-2015-02	2689501	86125	1005625	1597751	4830	453894	1139027	42.35	180720	138	344	24471	128623	804731	70.65
AO-16	AO-S016	GATCTG	Jan052815	BD-2015-02	2246727	58240	740482	1448005	4124	602902	840979	37.43	304951	144	230	28406	64302	442946	52.67
AO-17	AO-S017	TCAAGT	Jan052815	BD-2015-02	1723524	53242	653398	1016884	3652	161832	851400	49.40	349642	35	74	12903	30533	458213	53.82
AO-19	AO-S019	CTGATC	Jan052815	BD-2015-02	3347281	96620	1147078	2103583	6053	969452	1128078	33.70	298462	43	77	24208	47530	757758	67.17
AO-1	AO-S001	CGTGAT	Jan052815	BD-2015-02	2975991	183864	1425004	1367123	4348	447788	914987	30.75	123906	46	145	33204	71822	685864	74.96
AO-20	AO-S020	AAGCTA	Jan052815	BD-2015-02	3211214	118725	1376725	1715764	5997	435345	1274422	39.69	174240	31	95	18846	44763	1036447	81.33
AO-21	AO-S021	GTAGCC	Jan052815	BD-2015-02	3546694	106500	1213083	2227111	6755	767200	1453156	40.97	412085	92	123	22784	96769	921303	63.40
AO-22	AO-S022	TACAAG	Jan052815	BD-2015-02	2028475	171912	279576	1576987	5107	542230	1029650	50.76	212212	62	97	27412	43499	746368	72.49
AO-2	AO-S002	ACATCG	Jan052815	BD-2015-02	3120658	102638	1533889	1484131	5051	250171	1228909	39.38	144052	140	329	35253	107700	941435	76.61
AO-3	AO-S003	GCCTAA	Jan052815	BD-2015-02	2935873	97800	1446800	1391273	4662	222646	1163965	39.65	204951	89	220	21040	79972	857693	73.69
AO-6	AO-S006	ATTGGC	Jan052815	BD-2015-02	2511961	74769	1395632	1041560	3071	195231	843258	33.57	83835	72	284	19866	61879	677322	80.32
AO-83	AO-S083	TTGACT	Jan052815	BD-2015-02	3438809	102902	1133613	2202294	6681	891988	1303625	37.91	249525	92	95	29403	91488	933022	71.57
AO-85	AO-S085	GGAACT	Jan052815	BD-2015-02	2840363	98146	1197702	1544515	5330	245595	1293590	45.54	189316	60	199	24855	112667	966493	74.71
AO-86	AO-S086	TGACAT	Jan052815	BD-2015-02	3678365	106281	898407	2673677	7741	1166507	1499429	40.76	471324	151	294	6795	81595	939270	62.64
AO-87	AO-S087	GGACGG	Jan052815	BD-2015-02	3273869	115396	1164453	1994020	6470	558682	1428868	43.64	122578	75	150	78033	114215	1113817	77.95
AO-88	AO-S088	CTCTAC	Jan052815	BD-2015-02	4226090	167946	1679533	2378611	8853	170863	2198895	52.03	185516	161	175	70932	147122	1794989	81.63
AO-89	AO-S089	GCGGAC	Jan052815	BD-2015-02	3309919	134730	1140744	2034445	7155	227827	1799463	54.37	269059	212	98	40490	79705	1409899	78.35
BE-01	BE-S001	GTATAG	Jan052815	BD-2015-02	2680746	103210	812820	1764716	4996	690000	1069720	39.90	410141	191	834	25978	282400	350176	32.74
BE-04	BE-S004	TGGTCA	Jan052815	BD-2015-02	4914770	156317	1196365	3562088	10654	1257421	2294013	46.68	1093554	400	2373	52473	391397	753816	32.86
BE-19	BE-S019	CACTGT	Jan052815	BD-2015-02	3347561	157951	1224595	1965015	6259	469166	1489590	44.50	187152	234	3350	46924	738163	513767	34.49
BE-25	BE-S025	GGCCAC	Jan052815	BD-2015-02	2459293	69572	960296	1429425	3179	759458	666788	27.11	176699	60	354	111422	272852	105401	15.81
BE-31	BE-S031	TCTGAG	Jan052815	BD-2015-02	1783140	50951	708033	1024156	2546	414750	606860	34.03	262791	74	537	57396	140049	146013	24.06
ET-111	ET111	CTTTTG	Jan052815	BD-2015-02	3254038	119524	1219800	1914714	6987	231776	1675951	51.50	179335	143	417	24471	98172	1373413	81.95
ET-113	ET113	TAGTTG	Jan052815	BD-2015-02	3610347	126425	1524508	1959414	7444	66482	1885488	52.22	57790	36	242	15415	47727	1764278	93.57
ET-114	ET114	CCGGTG	Jan052815	BD-2015-02	3522585	120122	1072953	2329510	7291	791385	1530834	43.46	170290	140	254	38901	76338	1244911	81.32
ET-115	ET115	ATCGTG	Jan052815	BD-2015-02	3954565	114274	1449057	2391234	9364	108330	2273540	57.49	73885	31	179	12137	73861	2113447	92.96
ET-116	ET116	TGAGTG	Jan052815	BD-2015-02	3850611	164858	1063241	2622512	10034	79978	2532500	65.77	65080	26	301	21217	58803	2387073	94.26
ET-117	ET117	CGCCTG	Jan052815	BD-2015-02	3744792	122712	1189361	2432719	9165	104480	2319074	61.93	108531	84	321	31678	109442	2069018	89.22
ET-118	ET118	GCCATG	Jan052815	BD-2015-02	2269361	95787	894791	1278783	4512	119549	1154722	50.88	69833	79	87	36502	59168	989053	85.65
ET-119	ET119	AAAATG	Jan052815	BD-2015-02	2328080	114829	966778	1246473	4682	99619	1142172	49.06	138038	147	193	70717	111984	821093	71.89
ET-120	ET120	TGTTGG	Jan052815	BD-2015-02	1734276	105316	91083	1537877	5928	79858	1452091	83.73	54618	21	374	9353	31268	1356457	93.41
ET-121	ET121	ATTCCG	Jan052815	BD-2015-02	2863296	124811	983539	1754946	6313	178863	1569770	54.82	226582	152	319	42561	83078	1217078	77.53
ET-89	ET89	ATCAGT	Jan052815	BD-2015-02	2917786	77077	1263513	1577196	4447	464467	1108282	37.98	377358	108	445	51202	332341	346828	31.29
ET-90	ET90	GCTCAT	Jan052815	BD-2015-02	3041889	194296	1333680	1513913	5191	185467	1323255	43.50	409665	122	225	9257	240164	663822	50.17
ET-97	ET97	AGGAAT	Jan052815	BD-2015-02	3956179	167407	1415535	2373237	9026	183665	2180546	55.12	539092	213	769	106972	190437	1343063	61.59
GU-25	GU-S025	AGCTAG	Jan052815	BD-2015-02	2683432	110678	1190549	1382205	3561	823481	555163	20.69	119689	24	72	8754	32570	394054	70.98
TZ-01	TZ1	GTCGTC	Jan052815	BD-2015-02	2379565	70809	719128	1589628	4541	755981	829106	34.84	177720	45	114	11658	51194	588375	70.96
TZ-02	TZ2	CGATTA	Jan052815	BD-2015-02	3156967	124891	1003248	2028828	7333	221334	1800161	57.02	160716	84	354	34034	73083	1531890	85.10
TZ-03	TZ3	GCTGTA	Jan052815	BD-2015-02	2664089	94048	1059615	1510426	5495	146871	1358060	50.98	193626	74	287	33762	74195	1056116	77.77
TZ-156	TZ156	ATTATA	Jan052815	BD-2015-02	2374633	83647	1050551	1240435	4459	222685	1013291	42.67	278907	224	165	39765	87978	606252	59.83
TZ-208	TZ208	GAATGA	Jan052815	BD-2015-02	1977536	110154	815168	1052214	4106	96815	951293	48.10	263365	117	142	46883	62946	577840	60.74
TZ-211	TZ211	TCGGGA	Jan052815	BD-2015-02	1866569	65941	823486	977142	3430	127012	846700	45.36	205491	81	124	36613	61837	542554	64.08
TZ-214	TZ214	CTTCGA	Jan052815	BD-2015-02	1931420	62551	914064	954805	3465	85672	865668	44.82	54879	23	127	12374	59988	738277	85.28
TZ-227	TZ227	TGCCGA	Jan052815	BD-2015-02	2130268	86418	780289	1263561	4466	146048	1113047	52.25	186795	132	243	16882	78067	830928	74.65
AO-119	AO-S119	ATTATA	Jan052815	BD-2015-03	3781467	121013	1278615	2381839	4575	337266	2039998	53.95	482887	117	327	43543	95535	1417589	69.49
AO-11	AO-S011	CGATTA	Jan052815	BD-2015-03	4218573	132907	1804274	2281392	4267	133797	2143328	50.81	184491	145	303	58673	118891	1780825	83.09
AO-120	AO-S120	GAATGA	Jan052815	BD-2015-03	3615711	130532	1059799	2425380	4658	303876	2116846	58.55	349683	260	330	30228	95580	1640765	77.51
AO-121	AO-S121	TCGGGA	Jan052815	BD-2015-03	3028385	111520	923960	1992905	3686	328271	1660948	54.85	527846	76	190	28856	71252	1032728	62.18
AO-12	AO-S012	GCTGTA	Jan052815	BD-2015-03	3469080	106765	1181090	2181225	4138	248023	1929064	55.61	248742	87	128	27085	69491	1583531	82.09
BE-20	BE-S020	ATTGGC	Jan052815	BD-2015-03	3631949	93064	1107432	2431453	4269	981952	1445232	39.79	518334	597	2569	66047	190723	666962	46.15
BE-21	BE-S021	GATCTG	Jan052815	BD-2015-03	3701488	79632	1332958	2288898	3975	1254373	1030550	27.84	398617	182	976	49244	354348	227183	22.04
BE-2	BE-S002	CTGATC	Jan052815	BD-2015-03	2769930	50363	626391	2093176	3738	1591720	497718	17.97	204202	42	212	43409	129745	120108	24.13
BE-32	BE-S032	TCAAGT	Jan052815	BD-2015-03	3738902	112700	1216959	2409243	4394	1690344	714505	19.11	244141	151	1070	30619	236153	202371	28.32
BE-33	BE-S033	CGTGAT	Jan052815	BD-2015-03	3690392	81429	1719492	1889471	3244	1210139	676088	18.32	252289	101	398	56735	205019	161546	23.89
BE-3	BE-S003	ACATCG	Jan052815	BD-2015-03	3712683	85707	1329162	2297814	4097	962592	1331125	35.85	415201	337	1415	28960	261376	623836	46.87
BE-7	BE-S007	GCCTAA	Jan052815	BD-2015-03	3662153	91342	1118758	2452053	4353	1178731	1268969	34.65	514104	354	1121	26684	221555	505151	39.81
BE-8	BE-S008	TGGTCA	Jan052815	BD-2015-03	3539970	100855	963794	2475321	4521	916793	1554007	43.90	585328	384	1982	50346	165681	750286	48.28
BE-9	BE-S009	CACTGT	Jan052815	BD-2015-03	3754422	85233	1221205	2447984	4485	1010972	1432527	38.16	520641	442	2591	42563	197166	669124	46.71
GU-60	GU-S060	TTTCAC	Jan052815	BD-2015-03	3708643	88212	1670690	1949741	3714	698016	1248011	33.65	671965	89	365	32894	122483	420215	33.67
GU-66	GU-S066	GGCCAC	Jan052815	BD-2015-03	3301049	103258	1591088	1606703	3130	199734	1403839	42.53	306790	58	181	13330	138959	944521	67.28
GU-94	GU-S094	CGAAAC	Jan052815	BD-2015-03	3498327	118102	1761349	1618876	3030	518564	1097282	31.37	542075	42	138	13478	69438	472111	43.03
GU-95	GU-S095	CGTACG	Jan052815	BD-2015-03	2775306	45057	1339899	1390350	2361	953789	434200	15.65	138414	52	141	47724	157490	90379	20.82
GU-96	GU-S096	CCACTC	Jan052815	BD-2015-03	2911667	52734	1168616	1690317	2958	902032	785327	26.97	433383	67	214	16761	106147	228755	29.13
MW-11	MW-S011	TTGACT	Jan052815	BD-2015-03	3016257	87215	1087043	1841999	3491	650463	1188045	39.39	139825	33	104	21153	43646	983284	82.76
MW-12	MW-S012	GGAACT	Jan052815	BD-2015-03	2620988	80022	876416	1664550	3091	761596	899863	34.33	112961	32	129	15068	34030	737643	81.97
MW-28	MW-S028	TGACAT	Jan052815	BD-2015-03	2102979	67358	639518	1396103	2600	538404	855099	40.66	99018	22	49	11514	26578	717918	83.96
MW-29	MW-S029	GGACGG	Jan052815	BD-2015-03	1773112	59680	535773	1177659	2176	665097	510386	28.78	99094	23	55	12622	15330	383262	75.09
MW-2	MW-S002	AAGCTA	Jan052815	BD-2015-03	3022413	78948	863497	2079968	3887	775764	1300317	43.02	197240	31	374	6923	46298	1049451	80.71
MW-3	MW-S003	TACAAG	Jan052815	BD-2015-03	2860319	88005	772340	1999974	3684	619002	1377288	48.15	132455	31	766	8507	60015	1175514	85.35
MW-46	MW-S046	CTCTAC	Jan052815	BD-2015-03	3588556	79466	941067	2568023	4865	239195	2323963	64.76	145181	46	941	15748	94418	2067629	88.97
MW-47	MW-S047	GCGGAC	Jan052815	BD-2015-03	3510924	89980	935992	2484952	4496	161553	2318903	66.05	133354	48	507	23020	82074	2079900	89.69
MW-4	MW-S004	GTAGCC	Jan052815	BD-2015-03	2731620	58422	743377	1929821	3484	564891	1361446	49.84	98195	83	537	13136	81206	1168289	85.81
NI-10	NI-S010	GCTACC	Jan052815	BD-2015-03	3188942	60151	886138	2242653	4087	1207755	1030811	32.32	351998	126	584	58262	387111	232730	22.58
NI-11	NI-S011	ATCAGT	Jan052815	BD-2015-03	2431600	51167	780017	1600416	2906	818955	778555	32.02	115596	89	480	82818	439478	140094	17.99
NI-13	NI-S013	GCTCAT	Jan052815	BD-2015-03	2051992	51820	804978	1195194	2065	688898	504231	24.57	172634	44	215	32823	227431	71084	14.10
NI-14	NI-S014	AGGAAT	Jan052815	BD-2015-03	1708268	56793	714903	936572	1683	455063	479826	28.09	180967	45	192	21954	193355	83313	17.36
NI-37	NI-S037	CTTTTG	Jan052815	BD-2015-03	1439368	32142	415749	991477	1874	418620	570983	39.67	259042	43	301	22523	144407	144667	25.34
NI-38	NI-S038	TAGTTG	Jan052815	BD-2015-03	1256315	24224	255339	976752	1785	528242	446725	35.56	108453	73	406	25483	176603	135707	30.38
NI-55	NI-S055	CCGGTG	Jan052815	BD-2015-03	1106316	21778	196768	887770	1539	464774	421457	38.10	70696	43	278	44929	213378	92133	21.86
NI-56	NI-S056	ATCGTG	Jan052815	BD-2015-03	1168951	19556	363237	786158	1389	455895	328874	28.13	111065	52	145	28404	93959	95249	28.96
NI-57	NI-S057	TGAGTG	Jan052815	BD-2015-03	1075247	19593	317029	738625	1345	405873	331407	30.82	98015	53	308	35353	116515	81163	24.49
TZ-6	TZ6	CTTCGA	Jan052815	BD-2015-03	3278949	101276	1018388	2159285	4053	201941	1953291	59.57	160794	92	325	44482	80680	1666918	85.34
TZ-9	TZ9	TGCCGA	Jan052815	BD-2015-03	3422020	127008	812311	2482701	4636	251424	2226641	65.07	201104	185	518	88889	108852	1827093	82.06
ZW-37	ZW-S037	CGCCTG	Jan052815	BD-2015-03	3965616	113606	926170	2925840	5353	796685	2123802	53.56	730222	277	426	62405	98393	1232079	58.01
ZW-38	ZW-S038	GCCATG	Jan052815	BD-2015-03	3664987	133070	1060745	2471172	4563	276648	2189961	59.75	560561	98	147	29306	90335	1509514	68.93
ZW-39	ZW-S039	AAAATG	Jan052815	BD-2015-03	4132563	172024	1117949	2842590	5658	386354	2450578	59.30	968542	99	167	38379	82673	1360718	55.53
ZW-70	ZW-S070	TGTTGG	Jan052815	BD-2015-03	3760186	153019	860276	2746891	5271	101016	2640604	70.23	114042	45	417	9588	83466	2433046	92.14
ZW-71	ZW-S071	ATTCCG	Jan052815	BD-2015-03	3494632	136496	775632	2582504	4803	419664	2158037	61.75	354875	89	371	8441	71829	1722432	79.81
ZW-72	ZW-S072	AGCTAG	Jan052815	BD-2015-03	4186364	190679	915040	3080645	5847	221267	2853531	68.16	113916	53	507	10789	92179	2636087	92.38
ZW-82	ZW-S082	GTATAG	Jan052815	BD-2015-03	3627110	148308	766336	2712466	5067	488820	2218579	61.17	267731	141	540	14915	119289	1815963	81.85
ZW-83	ZW-S083	TCTGAG	Jan052815	BD-2015-03	3433147	175004	753412	2504731	4691	261911	2238129	65.19	277306	66	335	8137	66400	1885885	84.26
ZW-84	ZW-S084	GTCGTC	Jan052815	BD-2015-03	3985317	115585	839583	3030149	5646	628867	2395636	60.11	755951	160	262	28574	99226	1511463	63.09
BE-05	BE-S005	GCTACC	Jan052815	BD-2015-04	1640885	60454	357061	1223370	2728	447878	772764	47.09	265863	249	883	23521	138736	343512	44.45
BE-06	BE-S006	ATCAGT	Jan052815	BD-2015-04	3618060	98532	767376	2752152	5330	1208617	1538205	42.51	354072	208	1030	345607	513472	323816	21.05
BE-10	BE-S010	GCTCAT	Jan052815	BD-2015-04	2848972	73512	989261	1786199	3738	789505	992956	34.85	371463	111	672	44105	195818	380787	38.35
BE-11	BE-S011	AGGAAT	Jan052815	BD-2015-04	3031634	101264	1113362	1817008	3226	1174954	638828	21.07	187135	170	904	21316	155997	273306	42.78
BE-12	BE-S012	CTTTTG	Jan052815	BD-2015-04	3066610	101302	1123788	1841520	4023	823410	1014087	33.07	504057	127	407	21032	122077	366387	36.13
BE-23	BE-S023	TAGTTG	Jan052815	BD-2015-04	2206788	93715	1019896	1093177	2466	371393	719318	32.60	182867	86	413	109576	282050	144326	20.06
BE-24	BE-S024	CCGGTG	Jan052815	BD-2015-04	1957158	62391	659147	1235620	2585	493548	739487	37.78	234200	78	483	98824	239514	166388	22.50
BE-26	BE-S026	ATCGTG	Jan052815	BD-2015-04	1955206	66519	880274	1008413	2113	395845	610455	31.22	97216	81	455	118842	300449	93412	15.30
BE-27	BE-S027	TGAGTG	Jan052815	BD-2015-04	1907578	70111	948234	889233	1628	449662	437943	22.96	101869	45	379	74612	193719	67319	15.37
GU-102	GU-S102	TTGACT	Jan052815	BD-2015-04	2742210	94585	1712397	935228	2575	128718	803935	29.32	229093	190	260	22493	60641	491258	61.11
GU-104	GU-S104	GGAACT	Jan052815	BD-2015-04	2631764	99660	1690515	841589	2392	103873	735324	27.94	228942	34	50	17657	59803	428838	58.32
GU-47	GU-S047	GATCTG	Jan052815	BD-2015-04	767031	30490	530185	206356	635	12276	193445	25.22	53049	18	89	2645	16033	121611	62.87
GU-48	GU-S048	TCAAGT	Jan052815	BD-2015-04	1658917	40608	1575386	42923	89	25819	17015	1.03	1780	0	0	168	4587	10480	61.59
GU-61	GU-S061	AAGCTA	Jan052815	BD-2015-04	2848594	91113	1544968	1212513	3597	117225	1091691	38.32	237300	73	90	19934	54162	780132	71.46
GU-62	GU-S062	CTGATC	Jan052815	BD-2015-04	2765773	78706	1814494	872573	2407	139499	730667	26.42	243211	28	52	12271	65828	409277	56.01
GU-90	GU-S090	GTAGCC	Jan052815	BD-2015-04	2829709	63914	1133773	1632022	2993	916697	712332	25.17	256442	57	173	40759	228406	186495	26.18
GU-92	GU-S092	TACAAG	Jan052815	BD-2015-04	2397938	76407	1371587	949944	2690	113148	834106	34.78	209489	31	79	14165	39723	570619	68.41
MW-109	MW-S109	TGCCGA	Jan052815	BD-2015-04	4044946	171848	1318170	2554928	7331	174495	2373102	58.67	233088	92	278	75005	140946	1923693	81.06
MW-34	MW-S034	CGATTA	Jan052815	BD-2015-04	3617492	166735	1338853	2111904	6180	59759	2045965	56.56	71219	13	342	10184	39858	1924349	94.06
MW-37	MW-S037	GCTGTA	Jan052815	BD-2015-04	3341079	167019	1058724	2115336	6109	106773	2002454	59.93	124137	37	780	13230	86827	1777443	88.76
MW-61	MW-S061	ATTATA	Jan052815	BD-2015-04	3458654	150528	1261768	2046358	6173	107791	1932394	55.87	118318	27	489	30679	68738	1714143	88.71
MW-64	MW-S064	GAATGA	Jan052815	BD-2015-04	3080465	129284	1164747	1786434	5381	114432	1666621	54.10	253637	43	93	37040	59088	1316720	79.01
MW-94	MW-S094	TCGGGA	Jan052815	BD-2015-04	12846791	630190	4699483	7517118	21412	453563	7042143	54.82	778463	178	462	151414	331143	5780483	82.08
MW-97	MW-S097	CTTCGA	Jan052815	BD-2015-04	5452679	233684	1466667	3752328	10705	341808	3399815	62.35	381979	115	304	29136	95821	2892460	85.08
NI-61	NI-S061	TGACAT	Jan052815	BD-2015-04	3235080	101519	1253826	1879735	4093	609566	1266076	39.14	327714	123	456	196672	490646	250465	19.78
NI-67	NI-S067	GGACGG	Jan052815	BD-2015-04	2962467	152899	876156	1933412	4300	621737	1307375	44.13	347171	125	831	36667	571673	350908	26.84
NI-68	NI-S068	CTCTAC	Jan052815	BD-2015-04	3005438	96897	1285662	1622879	3197	809754	809928	26.95	299074	138	426	51396	260669	198225	24.47
NI-69	NI-S069	GCGGAC	Jan052815	BD-2015-04	1948857	68346	948095	932416	1932	317173	613311	31.47	197504	59	169	66181	217678	131720	21.48
NI-74	NI-S074	TTTCAC	Jan052815	BD-2015-04	1681999	93126	913153	675720	1531	275067	399122	23.73	114881	40	138	34483	146371	103209	25.86
NI-78	NI-S078	GGCCAC	Jan052815	BD-2015-04	1811858	70839	781643	959376	2170	220175	737031	40.68	64634	52	210	165763	394573	111799	15.17
NI-79	NI-S079	CGAAAC	Jan052815	BD-2015-04	1560914	60013	735139	765762	1691	256811	507260	32.50	125149	26	106	81887	204897	95195	18.77
NI-80	NI-S080	CGTACG	Jan052815	BD-2015-04	1461456	53200	681191	727065	1576	210088	515401	35.27	186626	61	256	34628	133278	160552	31.15
NI-81	NI-S081	CCACTC	Jan052815	BD-2015-04	1448596	53747	466404	928445	2289	236543	689613	47.61	289719	66	196	48885	177527	173220	25.12
TZ-10	TZ10	CGTGAT	Jan052815	BD-2015-04	2848467	155969	677149	2015349	5489	248564	1761296	61.83	176128	199	232	61737	101654	1421346	80.70
TZ-164	TZ164	ACATCG	Jan052815	BD-2015-04	2797785	78169	1107807	1611809	4353	284149	1323307	47.30	326696	324	249	40944	139226	815868	61.65
TZ-170	TZ170	GCCTAA	Jan052815	BD-2015-04	2457939	95163	838414	1524362	4288	133568	1386506	56.41	125461	87	228	13620	82233	1164877	84.02
TZ-196	TZ196	TGTTGG	Jan052815	BD-2015-04	2993390	120291	933392	1939707	5658	173917	1760132	58.80	174305	68	552	22054	106806	1456347	82.74
TZ-198	TZ198	ATTCCG	Jan052815	BD-2015-04	2988212	92605	1125464	1770143	4476	424855	1340812	44.87	387683	150	287	24222	182416	746054	55.64
TZ-201	TZ201	AGCTAG	Jan052815	BD-2015-04	2518654	93671	902694	1522289	4156	179048	1339085	53.17	244800	69	239	22573	96925	974479	72.77
TZ-216	TZ216	TGGTCA	Jan052815	BD-2015-04	2457932	88228	811662	1558042	4458	207115	1346469	54.78	294926	85	172	21534	70259	959493	71.26
TZ-217	TZ217	CACTGT	Jan052815	BD-2015-04	2577293	78894	884140	1614259	4415	303489	1306355	50.69	330405	68	143	18507	113743	843489	64.57
TZ-228	TZ228	ATTGGC	Jan052815	BD-2015-04	2305336	79604	749808	1475924	3725	187941	1284258	55.71	209755	99	118	24081	62153	988052	76.94
TZ-231	TZ231	GTATAG	Jan052815	BD-2015-04	2434550	108030	971353	1355167	3310	339430	1012427	41.59	307581	132	179	9894	233030	461611	45.59
TZ-232	TZ232	TCTGAG	Jan052815	BD-2015-04	2899482	95408	969019	1835055	4568	473318	1357169	46.81	383876	147	382	11054	100044	861666	63.49
TZ-242	TZ242	GTCGTC	Jan052815	BD-2015-04	3295705	139164	1099421	2057120	5387	320650	1731083	52.53	304816	550	284	32435	247909	1145089	66.15
TZ-57	TZ57	CGCCTG	Jan052815	BD-2015-04	3069755	92736	1186569	1790450	4806	235947	1549697	50.48	222996	106	173	36831	91539	1198052	77.31
TZ-61	TZ61	GCCATG	Jan052815	BD-2015-04	3007847	112357	1308544	1586946	4536	136695	1445715	48.06	152221	271	94	52115	74547	1166467	80.68
TZ-66	TZ66	AAAATG	Jan052815	BD-2015-04	3236312	141426	1136737	1958149	5694	231853	1720602	53.17	144339	149	325	30367	70162	1475260	85.74
AO-104	AO-S104	ATTATA	Jan063015	BD-2015-05	2933092	152804	1662967	1117321	16265	104640	996416	33.97	122033	14	147	12478	60886	800858	80.37
AO-113	AO-S113	GAATGA	Jan063015	BD-2015-05	2891359	148330	1740582	1002447	14355	143751	844341	29.20	104657	38	131	12364	40766	686385	81.29
AO-128	AO-S128	TCGGGA	Jan063015	BD-2015-05	2868230	174413	1374264	1319553	18562	126208	1174783	40.96	91282	45	180	21133	64056	998087	84.96
AO-131	AO-S131	CTTCGA	Jan063015	BD-2015-05	2783570	150621	1500690	1132259	15997	78488	1037774	37.28	75671	36	86	11782	47117	903082	87.02
AO-143	AO-S143	TGCCGA	Jan063015	BD-2015-05	3021376	169207	1621430	1230739	16808	168388	1045543	34.60	138580	74	282	11049	93129	802429	76.75
AO-55	AO-S055	ATTCCG	Jan063015	BD-2015-05	2969084	139305	1771072	1058707	15280	85927	957500	32.25	90131	30	209	15400	38282	813448	84.96
AO-58	AO-S058	AGCTAG	Jan063015	BD-2015-05	3198651	117471	2128174	953006	12649	244413	695944	21.76	28464	20	41	7034	47117	613268	88.12
AO-65	AO-S065	GTATAG	Jan063015	BD-2015-05	2960570	103492	1948033	909045	12385	499117	397543	13.43	71775	72	58	9814	40617	275207	69.23
AO-68	AO-S068	TCTGAG	Jan063015	BD-2015-05	3011564	138273	1591469	1281822	17898	104877	1159047	38.49	46323	34	156	5634	59846	1047054	90.34
AO-75	AO-S075	GTCGTC	Jan063015	BD-2015-05	3385338	184619	1862844	1337875	18857	95811	1223207	36.13	137119	53	88	34278	62347	989322	80.88
AO-95	AO-S095	CGATTA	Jan063015	BD-2015-05	3103552	148804	1870072	1084676	15400	72354	996922	32.12	75842	24	70	13075	44294	863617	86.63
AO-98	AO-S098	GCTGTA	Jan063015	BD-2015-05	2954579	164025	1584747	1205807	17220	159717	1028870	34.82	155458	33	65	12773	42725	817816	79.49
ET-248	ET248	TGACAT	Jan063015	BD-2015-05	2131107	105703	1455449	569955	8021	63629	498305	23.38	179140	48	52	4204	38088	276773	55.54
ET-250	ET250	GGACGG	Jan063015	BD-2015-05	2128972	99589	1127848	901535	12355	300864	588316	27.63	284471	29	33	7083	48738	247962	42.15
ET-251	ET251	CTCTAC	Jan063015	BD-2015-05	3234264	169191	1697185	1367888	18717	226232	1122939	34.72	534030	34	49	13696	64635	510495	45.46
ET-252	ET252	GCGGAC	Jan063015	BD-2015-05	3008057	151650	1602544	1253863	16916	407439	829508	27.58	407496	11	56	16328	68520	337097	40.64
GU-100	GU-S100	GGAACT	Jan063015	BD-2015-05	2172375	122634	1201266	848475	10581	111973	725921	33.42	148650	13	28	5197	97348	474685	65.39
GU-63	GU-S063	CGTGAT	Jan063015	BD-2015-05	2669948	142619	1472068	1055261	14280	164651	876330	32.82	393995	18	49	6968	78568	396732	45.27
GU-68	GU-S068	ACATCG	Jan063015	BD-2015-05	2189545	118512	1511580	559453	7650	53540	498263	22.76	160513	13	70	3649	22366	311652	62.55
GU-70	GU-S070	GCCTAA	Jan063015	BD-2015-05	2813752	146672	1768124	898956	11940	191693	695323	24.71	295065	22	43	3121	54886	342186	49.21
GU-72	GU-S072	TGGTCA	Jan063015	BD-2015-05	2817716	116440	1852312	848964	11456	406310	431198	15.30	191982	30	58	7981	58116	173031	40.13
GU-73	GU-S073	CACTGT	Jan063015	BD-2015-05	2799116	157446	1698478	943192	12931	114371	815890	29.15	313220	16	49	4963	23640	474002	58.10
GU-74	GU-S074	ATTGGC	Jan063015	BD-2015-05	2850637	135078	1666946	1048613	14208	110276	924129	32.42	355021	16	51	7347	39370	522324	56.52
GU-75	GU-S075	GATCTG	Jan063015	BD-2015-05	2757977	114131	1796933	846913	11166	166893	668854	24.25	322862	39	31	3698	45327	296897	44.39
GU-76	GU-S076	TCAAGT	Jan063015	BD-2015-05	3010643	158665	1793643	1058335	14418	180575	863342	28.68	342152	29	63	6723	37813	476562	55.20
GU-77	GU-S077	CTGATC	Jan063015	BD-2015-05	3641140	169670	2043188	1428282	19598	624984	783700	21.52	260930	47	217	27187	211592	283727	36.20
GU-78	GU-S078	AAGCTA	Jan063015	BD-2015-05	1084989	62838	835912	186239	2627	27492	156120	14.39	56689	8	15	1076	12013	86319	55.29
GU-97	GU-S097	GTAGCC	Jan063015	BD-2015-05	2387788	129620	1140261	1117907	15343	396202	706362	29.58	320730	22	105	16349	88823	280333	39.69
GU-98	GU-S098	TACAAG	Jan063015	BD-2015-05	2159774	98670	1039398	1021706	14122	401915	605669	28.04	173201	27	150	29379	203890	199022	32.86
GU-99	GU-S099	TTGACT	Jan063015	BD-2015-05	2637024	162158	1329661	1145205	15944	356015	773246	29.32	378306	31	122	8510	62580	323697	41.86
MW-104	MW-S104	AAAATG	Jan063015	BD-2015-05	2877757	147292	1538758	1191707	17013	93777	1080917	37.56	129607	32	245	20221	41925	888887	82.23
MW-106	MW-S106	TGTTGG	Jan063015	BD-2015-05	3391037	176728	1992353	1221956	17344	113865	1090747	32.17	138778	21	64	19062	43723	889099	81.51
MW-42	MW-S042	CTTTTG	Jan063015	BD-2015-05	1998251	112390	1164602	721259	9943	57968	653348	32.70	81496	7	31	12864	22770	536180	82.07
MW-52	MW-S052	TAGTTG	Jan063015	BD-2015-05	1583733	96625	857463	629645	9639	40760	579246	36.57	39270	9	103	6389	19358	514117	88.76
MW-53	MW-S053	CCGGTG	Jan063015	BD-2015-05	1625692	89600	814583	721509	10179	78185	633145	38.95	95952	13	38	18104	20282	498756	78.77
MW-66	MW-S066	ATCGTG	Jan063015	BD-2015-05	1766871	95354	988680	682837	9286	48076	625475	35.40	105164	16	31	13486	23080	483698	77.33
MW-67	MW-S067	TGAGTG	Jan063015	BD-2015-05	1467950	86182	748639	633129	9000	40942	583187	39.73	54422	9	38	5674	16785	506259	86.81
MW-81	MW-S081	CGCCTG	Jan063015	BD-2015-05	2841714	165804	1512239	1163671	16539	114191	1032941	36.35	148385	21	74	10421	36412	837628	81.09
MW-91	MW-S091	GCCATG	Jan063015	BD-2015-05	2905948	172759	1396136	1337053	19303	85514	1232236	42.40	70091	12	125	8406	29491	1124111	91.23
ZW-21	ZW-S021	TTTCAC	Jan063015	BD-2015-05	3358158	208502	1647341	1502315	21316	141164	1339835	39.90	197550	17	80	18131	37179	1086878	81.12
#ZW-22	ZW-S022	GGCCAC	Jan063015	BD-2015-05	3510	1891	1010	609	10	78	521	14.84	82	0	0	7	18	414	79.46
ZW-23	ZW-S023	CGAAAC	Jan063015	BD-2015-05	3143767	176157	1655767	1311843	18760	103063	1190020	37.85	119365	14	103	12837	27868	1029833	86.54
ZW-24	ZW-S024	CGTACG	Jan063015	BD-2015-05	3367976	162048	1839327	1366601	20095	305182	1041324	30.92	353786	29	29	5573	27470	654437	62.85
ZW-25	ZW-S025	CCACTC	Jan063015	BD-2015-05	2999538	166066	1660394	1173078	16720	150132	1006226	33.55	257980	31	54	9498	36761	701902	69.76
ZW-26	ZW-S026	GCTACC	Jan063015	BD-2015-05	3137824	179163	1728352	1230309	17440	153149	1059720	33.77	271330	29	76	7703	31395	749187	70.70
ZW-27	ZW-S027	ATCAGT	Jan063015	BD-2015-05	2613654	156742	1401143	1055769	14863	165212	875694	33.50	241714	32	51	7821	28128	597948	68.28
ZW-40	ZW-S040	GCTCAT	Jan063015	BD-2015-05	2305194	161520	993588	1150086	16469	84780	1048837	45.50	91435	10	85	5205	20314	931788	88.84
ZW-41	ZW-S041	AGGAAT	Jan063015	BD-2015-05	1941776	120180	928827	892769	12645	57500	822624	42.36	80476	14	58	9966	34127	697983	84.85
AO-151	AO-S151	CGTGAT	Jan063015	BD-2015-06	1829585	71690	1031455	726440	882	84778	640780	35.02	71147	56	157	14047	54302	501071	78.20
AO-154	AO-S154	ACATCG	Jan063015	BD-2015-06	2022150	76129	1038301	907720	1070	91773	814877	40.30	201098	18	80	32478	35158	546045	67.01
AO-160	AO-S160	GCCTAA	Jan063015	BD-2015-06	1736601	61723	947052	727826	892	71254	655680	37.76	124914	26	168	12594	31638	486340	74.17
AO-172	AO-S172	TGGTCA	Jan063015	BD-2015-06	1917665	77171	1051504	788990	966	85445	702579	36.64	129910	35	202	18168	38328	515936	73.43
AO-178	AO-S178	CACTGT	Jan063015	BD-2015-06	1816824	73930	965339	777555	932	56662	719961	39.63	58967	20	57	18564	36738	605615	84.12
AO-185	AO-S185	ATTGGC	Jan063015	BD-2015-06	1600755	55865	793370	751520	942	71358	679220	42.43	81341	29	87	10754	40050	546959	80.53
NI-15	NI-S015	CGATTA	Jan063015	BD-2015-06	2012806	111093	1100538	801175	989	270831	529355	26.30	127233	55	238	47613	281334	72882	13.77
NI-18	NI-S018	GCTGTA	Jan063015	BD-2015-06	2811189	109511	1907271	794407	868	429415	364124	12.95	183406	39	99	5755	94700	80125	22.00
NI-21	NI-S021	ATTATA	Jan063015	BD-2015-06	2523001	133271	1286992	1102738	1401	258715	842622	33.40	102931	78	408	88990	543394	106821	12.68
NI-24	NI-S024	GAATGA	Jan063015	BD-2015-06	2253767	138625	1080202	1034940	1184	318467	715289	31.74	100802	98	579	38140	467122	108548	15.18
NI-27	NI-S027	TCGGGA	Jan063015	BD-2015-06	2481491	150294	1561485	769712	869	318696	450147	18.14	111783	76	323	18807	238731	80427	17.87
NI-30	NI-S030	CTTCGA	Jan063015	BD-2015-06	2441515	154132	1546281	741102	901	249336	490865	20.10	101110	80	622	28035	257016	104002	21.19
NI-33	NI-S033	TGCCGA	Jan063015	BD-2015-06	2354268	100469	1215790	1038009	1153	463732	573124	24.34	134811	177	391	33054	287101	117590	20.52
TZ-107	TZ107	TAGTTG	Jan063015	BD-2015-06	1270402	63240	558356	648806	956	136532	511318	40.25	152268	33	45	10409	15540	333023	65.13
TZ-112	TZ112	CCGGTG	Jan063015	BD-2015-06	1619279	72466	782363	764450	894	104276	659280	40.71	152945	35	92	10718	39221	456269	69.21
TZ-116	TZ116	ATCGTG	Jan063015	BD-2015-06	1780400	73611	860372	846417	975	122279	723163	40.62	193703	55	154	11810	44052	473389	65.46
TZ-151	TZ151	TGAGTG	Jan063015	BD-2015-06	2487416	112270	1242522	1132624	1372	153411	977841	39.31	223781	102	118	47371	55504	650965	66.57
TZ-155	TZ155	CGCCTG	Jan063015	BD-2015-06	3016625	127629	1260232	1628764	1954	518076	1108734	36.75	504470	188	159	34536	64669	504712	45.52
TZ-171	TZ171	GCCATG	Jan063015	BD-2015-06	2507087	114104	1018292	1374691	1604	420814	952273	37.98	490320	189	172	18370	41965	401257	42.14
TZ-181	TZ181	AAAATG	Jan063015	BD-2015-06	3003774	121247	1355153	1527374	1792	343507	1182075	39.35	458863	197	114	36924	97823	588154	49.76
TZ-188	TZ188	TGTTGG	Jan063015	BD-2015-06	2698112	97046	1281272	1319794	1581	263670	1054543	39.08	307312	112	165	40465	73498	632991	60.03
TZ-222	TZ222	ATTCCG	Jan063015	BD-2015-06	2903416	109618	1265079	1528719	1862	276195	1250662	43.08	280262	177	181	41401	94711	833930	66.68
TZ-253	TZ253	AGCTAG	Jan063015	BD-2015-06	3467989	109365	1857129	1501495	1793	438019	1061683	30.61	223828	303	145	50646	102689	684072	64.43
TZ-257	TZ257	GTATAG	Jan063015	BD-2015-06	3577122	146671	1602906	1827545	2205	224898	1600442	44.74	295226	139	489	21410	123480	1159698	72.46
TZ-262	TZ262	TCTGAG	Jan063015	BD-2015-06	3809849	135465	1804040	1870344	2246	353088	1515010	39.77	308548	302	291	27136	76239	1102494	72.77
TZ-268	TZ268	GTCGTC	Jan063015	BD-2015-06	2541548	117547	1137310	1286691	1535	185500	1099656	43.27	219087	79	147	22642	40481	817220	74.32
TZ-27	TZ27	ATCAGT	Jan063015	BD-2015-06	2571256	100844	1678246	792166	919	99788	691459	26.89	66441	99	198	17647	55914	551160	79.71
TZ-36	TZ36	GCTCAT	Jan063015	BD-2015-06	1916615	96166	781071	1039378	1241	157205	880932	45.96	121947	64	62	34391	45631	678837	77.06
TZ-46	TZ46	AGGAAT	Jan063015	BD-2015-06	1873868	81566	873959	918343	1110	133758	783475	41.81	115492	44	96	18321	34794	614728	78.46
TZ-97	TZ97	CTTTTG	Jan063015	BD-2015-06	1815709	87038	945837	782834	918	93147	688769	37.93	138172	49	152	24960	27036	498400	72.36
ZW-100	ZW-S100	CTCTAC	Jan063015	BD-2015-06	2040924	104093	803783	1133048	1397	132234	999417	48.97	312246	25	89	8858	26412	651787	65.22
ZW-106	ZW-S106	GCGGAC	Jan063015	BD-2015-06	1550914	80777	474212	995925	1183	143818	850924	54.87	225382	33	117	12752	27644	584996	68.75
ZW-118	ZW-S118	TTTCAC	Jan063015	BD-2015-06	1631290	80689	587020	963581	1206	164749	797626	48.90	234118	47	124	7030	35224	521083	65.33
ZW-124	ZW-S124	GGCCAC	Jan063015	BD-2015-06	2091215	81322	866828	1143065	1361	147180	994524	47.56	238539	47	69	18149	48730	688990	69.28
ZW-130	ZW-S130	CGAAAC	Jan063015	BD-2015-06	2949015	131432	804311	2013272	2432	449263	1561577	52.95	288114	56	211	6711	70004	1196481	76.62
ZW-136	ZW-S136	CGTACG	Jan063015	BD-2015-06	1632273	63644	509854	1058775	1285	200201	857289	52.52	343981	23	132	3953	34493	474707	55.37
ZW-142	ZW-S142	CCACTC	Jan063015	BD-2015-06	1763258	74513	829013	859732	1001	119846	738885	41.90	225516	29	104	10122	31427	471687	63.84
ZW-148	ZW-S148	GCTACC	Jan063015	BD-2015-06	1938609	98221	736851	1103537	1331	71771	1030435	53.15	67868	26	89	7340	31395	923717	89.64
ZW-28	ZW-S028	GATCTG	Jan063015	BD-2015-06	1818313	72659	937596	808058	918	179003	628137	34.55	262686	62	64	6308	19631	339386	54.03
ZW-29	ZW-S029	TCAAGT	Jan063015	BD-2015-06	1699450	71253	838554	789643	900	182256	606487	35.69	311575	57	49	16222	14877	263707	43.48
ZW-30	ZW-S030	CTGATC	Jan063015	BD-2015-06	1555371	58841	780957	715573	893	82548	632132	40.64	93922	42	50	16750	26589	494779	78.27
ZW-31	ZW-S031	AAGCTA	Jan063015	BD-2015-06	1277347	48664	538181	690502	784	121218	568500	44.51	253187	19	22	8326	13140	293806	51.68
ZW-43	ZW-S043	GTAGCC	Jan063015	BD-2015-06	1727691	77441	722436	927814	1141	120926	805747	46.64	113869	21	110	4209	25280	662258	82.19
ZW-49	ZW-S049	TACAAG	Jan063015	BD-2015-06	1798837	53717	1182935	562185	682	90794	470709	26.17	148569	10	31	6044	15670	300385	63.82
ZW-58	ZW-S058	TTGACT	Jan063015	BD-2015-06	1462684	57079	829017	576588	738	43420	532430	36.40	74288	11	27	7203	13165	437736	82.21
ZW-64	ZW-S064	GGAACT	Jan063015	BD-2015-06	1670752	60476	956488	653788	754	265017	388017	23.22	238949	31	58	8884	36797	103298	26.62
ZW-88	ZW-S088	TGACAT	Jan063015	BD-2015-06	1315434	41664	830413	443357	500	73403	369454	28.09	79197	19	31	7171	14689	268347	72.63
ZW-94	ZW-S094	GGACGG	Jan063015	BD-2015-06	1326404	39481	822528	464395	583	60458	403354	30.41	53712	17	52	6881	32382	310310	76.93
UG-110	UG110	GTAGCC	Jan063015	BD-2015-07	2023898	78896	975420	969582	701	60594	908287	44.88	113545	23	224	5316	34889	754290	83.05
UG-112	UG112	TACAAG	Jan063015	BD-2015-07	2041847	65136	1050267	926444	648	65872	859924	42.12	138460	43	143	13970	42507	664801	77.31
UG-114	UG114	TTGACT	Jan063015	BD-2015-07	1734234	73614	911420	749200	544	63242	685414	39.52	127710	34	157	6787	26068	524658	76.55
UG-116	UG116	GGAACT	Jan063015	BD-2015-07	1989964	97591	1113273	779100	596	350509	427995	21.51	78399	37	98	13179	30841	305441	71.37
UG-123	UG123	TGACAT	Jan063015	BD-2015-07	2213110	92123	953367	1167620	854	389504	777262	35.12	108647	18	211	6155	29594	632637	81.39
UG-137	UG137	GGACGG	Jan063015	BD-2015-07	1782841	60386	947379	775076	594	100064	674418	37.83	143224	44	337	5188	42799	482826	71.59
UG-13	UG13	CCGGTG	Jan063015	BD-2015-07	1800657	67388	1074430	658839	512	69966	588361	32.67	172622	29	345	6083	59164	350118	59.51
UG-143	UG143	CTCTAC	Jan063015	BD-2015-07	1662221	78749	821292	762180	557	75565	686058	41.27	250103	21	134	9694	44409	381697	55.64
UG-144	UG144	AGCTAG	Jan063015	BD-2015-07	2063767	86251	1088295	889221	643	88341	800237	38.78	150491	23	293	8923	43316	597191	74.63
UG-145	UG145	GCTGTA	Jan063015	BD-2015-07	2748525	122963	1491214	1134348	889	126465	1006994	36.64	287304	66	271	58737	56505	604111	59.99
UG-146	UG146	GCGGAC	Jan063015	BD-2015-07	1223287	45114	677292	500881	398	77178	423305	34.60	84357	20	49	4163	23915	310801	73.42
UG-147	UG147	ATTATA	Jan063015	BD-2015-07	2737980	112492	1435002	1190486	961	98920	1090605	39.83	193939	40	156	22664	57234	816572	74.87
UG-148	UG148	TTTCAC	Jan063015	BD-2015-07	1277205	54915	566752	655538	490	42005	613043	48.00	24110	14	66	3118	16708	569027	92.82
UG-149	UG149	GTATAG	Jan063015	BD-2015-07	2162221	104986	1162574	894661	697	51927	842037	38.94	76278	21	97	10878	39442	715321	84.95
UG-150	UG150	GAATGA	Jan063015	BD-2015-07	4213919	141746	1504866	2567307	1940	1730302	835065	19.82	123183	64	308	25087	63980	622443	74.54
UG-155	UG155	GGCCAC	Jan063015	BD-2015-07	1072875	36886	510264	525725	419	53276	472030	44.00	27607	11	110	2971	20918	420413	89.06
UG-158	UG158	CGAAAC	Jan063015	BD-2015-07	1410911	42539	784311	584061	425	68835	514801	36.49	32458	19	85	3176	26196	452867	87.97
UG-15	UG15	TGCCGA	Jan063015	BD-2015-07	2582656	97128	1190110	1295418	1037	142047	1152334	44.62	144875	66	120	9272	44400	953601	82.75
UG-161	UG161	CGTACG	Jan063015	BD-2015-07	1340584	40918	795699	503967	392	109063	394512	29.43	90740	55	60	12765	37578	253314	64.21
UG-175	UG175	CCACTC	Jan063015	BD-2015-07	1256160	43975	667689	544496	401	75020	469075	37.34	55510	35	101	2949	24370	386110	82.31
UG-176	UG176	TCTGAG	Jan063015	BD-2015-07	1695733	76179	861640	757914	585	61753	695576	41.02	143735	54	115	17832	39834	494006	71.02
UG-177	UG177	GTCGTC	Jan063015	BD-2015-07	2643360	122507	1790166	730687	542	83001	647144	24.48	231807	34	184	8528	49248	357343	55.22
UG-179	UG179	TCGGGA	Jan063015	BD-2015-07	2707461	126860	1098590	1482011	1100	909326	571585	21.11	136926	23	167	14904	32174	387391	67.77
UG-181	UG181	GCTACC	Jan063015	BD-2015-07	1418143	50945	869991	497207	406	79931	416870	29.40	86812	52	61	12345	30900	286700	68.77
UG-185	UG185	ATCAGT	Jan063015	BD-2015-07	2059228	73374	972942	1012912	827	138302	873783	42.43	167769	110	193	13599	68587	623525	71.36
UG-192	UG192	GCTCAT	Jan063015	BD-2015-07	1906589	71961	1028717	805911	628	77309	727974	38.18	124573	45	38	12298	48202	542818	74.57
UG-193	UG193	AGGAAT	Jan063015	BD-2015-07	1931801	67461	1016523	847817	577	158078	689162	35.67	143131	74	113	13694	70228	461922	67.03
UG-195	UG195	CTTTTG	Jan063015	BD-2015-07	1897939	96811	805605	995523	741	770882	223900	11.80	54886	29	35	12379	19984	136587	61.00
UG-196	UG196	TAGTTG	Jan063015	BD-2015-07	1319360	56036	722278	541046	399	80817	459830	34.85	58015	58	37	16244	44185	341291	74.22
UG-20	UG20	GCCTAA	Jan063015	BD-2015-07	1998295	64890	1230204	703201	521	101728	600952	30.07	114722	61	102	15793	98522	371752	61.86
UG-22	UG22	ATCGTG	Jan063015	BD-2015-07	1647742	53020	835159	759563	546	55410	703607	42.70	78030	23	87	3740	34216	587511	83.50
UG-25	UG25	TGGTCA	Jan063015	BD-2015-07	1636776	51625	748571	836580	610	380370	455600	27.84	152639	30	64	1828	46187	254852	55.94
UG-30	UG30	TGAGTG	Jan063015	BD-2015-07	2107326	87137	1140246	879943	677	60443	818823	38.86	136750	30	142	11123	47104	623674	76.17
UG-31	UG31	CACTGT	Jan063015	BD-2015-07	1593759	56691	859512	677556	514	52726	624316	39.17	67261	21	130	8018	28394	520492	83.37
UG-34	UG34	ATTGGC	Jan063015	BD-2015-07	1848767	58346	1059225	731196	523	95866	634807	34.34	187630	35	109	8367	73228	365438	57.57
UG-36	UG36	CGCCTG	Jan063015	BD-2015-07	2897166	146119	1689453	1061594	785	154172	906637	31.29	221820	72	169	8937	134551	541088	59.68
UG-40	UG40	GATCTG	Jan063015	BD-2015-07	2023040	68593	1044185	910262	706	58383	851173	42.07	94643	23	217	7105	38121	711064	83.54
UG-42	UG42	GCCATG	Jan063015	BD-2015-07	2409639	104551	1062015	1243073	897	87347	1154829	47.93	124171	34	266	9918	57398	963042	83.39
UG-50	UG50	CGTGAT	Jan063015	BD-2015-07	2217746	82405	1018267	1117074	866	86535	1029673	46.43	257798	64	168	20417	55731	695495	67.55
UG-55	UG55	AAAATG	Jan063015	BD-2015-07	2470979	105404	1170274	1195301	939	142589	1051773	42.57	215454	113	353	15275	72024	748554	71.17
UG-5	UG5	CTTCGA	Jan063015	BD-2015-07	2736411	147174	1116267	1472970	1153	654024	817793	29.89	269306	35	63	19315	41306	487768	59.64
UG-73	UG73	TGTTGG	Jan063015	BD-2015-07	2222370	98799	1151075	972496	790	117244	854462	38.45	187696	71	89	31832	66234	568540	66.54
UG-84	UG84	ATTCCG	Jan063015	BD-2015-07	1879152	61302	1263032	554818	399	150584	403835	21.49	150036	21	39	19637	94465	139637	34.58
UG-89	UG89	TCAAGT	Jan063015	BD-2015-07	1602929	57981	739866	805082	615	80619	723848	45.16	67033	30	238	7686	32743	616118	85.12
UG-92	UG92	CTGATC	Jan063015	BD-2015-07	2008325	75670	1167787	764868	561	91070	673237	33.52	303574	31	67	17573	34096	317896	47.22
UG-94	UG94	CGATTA	Jan063015	BD-2015-07	3267465	160756	1609410	1497299	1168	1038007	458124	14.02	105506	28	41	14619	34796	303134	66.17
UG-99	UG99	AAGCTA	Jan063015	BD-2015-07	1905513	80825	1025637	799051	618	66916	731517	38.39	159866	44	123	22390	35527	513567	70.21
UG-9	UG9	ACATCG	Jan063015	BD-2015-07	1725529	61258	795940	868331	654	60853	806824	46.76	79532	37	94	3796	35971	687394	85.20
UG-103	UG103	GATCTG	Jan063015	BD-2015-08	1533418	35221	740985	757212	396	44761	712055	46.44	58106	19	197	4569	28037	621127	87.23
UG-104	UG104	TCAAGT	Jan063015	BD-2015-08	1770085	42208	878095	849782	502	73810	775470	43.81	84836	34	204	8381	22150	659865	85.09
UG-105	UG105	CTGATC	Jan063015	BD-2015-08	1634357	50870	599967	983520	597	530604	452319	27.68	45865	5	206	3135	19652	383456	84.78
UG-107	UG107	AAGCTA	Jan063015	BD-2015-08	1501620	54428	724641	722551	464	451776	270311	18.00	63063	24	15	7299	12230	187680	69.43
UG-117	UG117	GTAGCC	Jan063015	BD-2015-08	1494035	35851	634025	824159	468	74812	748879	50.12	43202	30	182	4997	25220	675248	90.17
UG-118	UG118	TACAAG	Jan063015	BD-2015-08	1427338	38433	827826	561079	362	207008	353709	24.78	63031	23	59	6871	20225	263500	74.50
UG-119	UG119	TTGACT	Jan063015	BD-2015-08	1538797	56433	700563	781801	490	338105	443206	28.80	76582	24	138	5698	23365	337399	76.13
UG-124	UG124	GGAACT	Jan063015	BD-2015-08	1393879	28669	835216	529994	344	58146	471504	33.83	85074	31	81	11204	36202	338912	71.88
UG-125	UG125	TGACAT	Jan063015	BD-2015-08	1667079	33857	950832	682390	430	56412	625548	37.52	94496	16	225	3926	29656	497229	79.49
UG-126	UG126	GGACGG	Jan063015	BD-2015-08	1614478	33573	872922	707983	381	53000	654602	40.55	110906	34	220	9496	30514	503432	76.91
UG-127	UG127	CTCTAC	Jan063015	BD-2015-08	1362130	39317	672254	650559	411	38012	612136	44.94	67946	6	218	2594	24663	516709	84.41
UG-128	UG128	GCGGAC	Jan063015	BD-2015-08	999696	30582	530349	438765	242	29999	408524	40.86	39799	16	155	5179	22227	341148	83.51
UG-129	UG129	TTTCAC	Jan063015	BD-2015-08	1035035	32076	714401	288558	187	32740	255631	24.70	82905	10	46	7749	14848	150073	58.71
UG-134	UG134	GGCCAC	Jan063015	BD-2015-08	1154247	25742	820047	308458	169	39143	269146	23.32	70711	18	84	1940	26050	170343	63.29
UG-135	UG135	CGAAAC	Jan063015	BD-2015-08	899263	17815	722169	159279	99	33656	125524	13.96	37819	5	64	2824	10591	74221	59.13
UG-136	UG136	CGTACG	Jan063015	BD-2015-08	991391	16714	696938	277739	150	48637	228952	23.09	43649	19	105	1198	18505	165476	72.28
UG-139	UG139	CCACTC	Jan063015	BD-2015-08	1281890	26962	688138	566790	336	48208	518246	40.43	55003	23	136	5427	24968	432689	83.49
UG-140	UG140	GCTACC	Jan063015	BD-2015-08	1286297	31169	817034	438094	257	52684	385153	29.94	69046	25	203	2593	28676	284610	73.90
UG-141	UG141	ATCAGT	Jan063015	BD-2015-08	2464027	53052	1172394	1238581	689	111122	1126770	45.73	189880	52	378	25098	65535	845827	75.07
UG-164	UG164	GCTCAT	Jan063015	BD-2015-08	1534612	39557	869679	625376	375	45418	579583	37.77	104298	44	56	8555	29473	437157	75.43
UG-165	UG165	AGGAAT	Jan063015	BD-2015-08	1437128	39152	911224	486752	297	42718	443737	30.88	102160	34	65	10233	34061	297184	66.97
UG-166	UG166	CTTTTG	Jan063015	BD-2015-08	1173368	40522	645922	486924	299	51439	435186	37.09	147538	16	28	8265	23439	255900	58.80
UG-168	UG168	TAGTTG	Jan063015	BD-2015-08	952926	29591	510821	412514	278	28379	383857	40.28	108173	15	46	5717	16974	252932	65.89
UG-171	UG171	CCGGTG	Jan063015	BD-2015-08	1368659	34831	697665	636163	336	52540	583287	42.62	109626	21	96	7632	25023	440889	75.59
UG-172	UG172	ATCGTG	Jan063015	BD-2015-08	1366379	33604	687165	645610	383	42691	602536	44.10	48591	20	93	6752	24182	522898	86.78
UG-173	UG173	TGAGTG	Jan063015	BD-2015-08	1421785	32170	809402	580213	343	44865	535005	37.63	61605	14	180	7304	28152	437750	81.82
UG-180	UG180	CGCCTG	Jan063015	BD-2015-08	5068124	163296	1962966	2941862	1673	189663	2750526	54.27	288673	96	535	47769	83705	2329748	84.70
UG-182	UG182	GCCATG	Jan063015	BD-2015-08	5020026	197339	1947544	2875143	1586	1064158	1809399	36.04	460741	137	118	62221	99799	1186383	65.57
UG-183	UG183	AAAATG	Jan063015	BD-2015-08	5360314	182659	1889000	3288655	2039	1011181	2275435	42.45	454932	108	183	59283	131292	1629637	71.62
UG-184	UG184	TGTTGG	Jan063015	BD-2015-08	4839933	132371	2255004	2452558	1504	182307	2268747	46.88	500815	108	338	41140	184630	1541716	67.95
UG-186	UG186	ATTCCG	Jan063015	BD-2015-08	4336055	146682	2190817	1998556	1084	127179	1870293	43.13	413897	203	159	100204	141601	1214229	64.92
UG-187	UG187	AGCTAG	Jan063015	BD-2015-08	4500635	132982	2384839	1982814	1090	186211	1795513	39.89	492119	144	306	70989	125000	1106955	61.65
UG-188	UG188	GTATAG	Jan063015	BD-2015-08	3832062	111694	1960133	1760235	1001	147346	1611888	42.06	222512	162	183	40502	148183	1200346	74.47
UG-189	UG189	TCTGAG	Jan063015	BD-2015-08	3020933	123132	1118040	1779761	1126	988713	789922	26.15	155455	41	72	31413	50761	552180	69.90
UG-190	UG190	GTCGTC	Jan063015	BD-2015-08	2129592	102104	658506	1368982	846	760857	607279	28.52	103653	59	105	21695	39588	442179	72.81
UG-191	UG191	CGATTA	Jan063015	BD-2015-08	1668166	86424	611222	970520	639	478564	491317	29.45	71201	39	30	19959	34204	365884	74.47
UG-194	UG194	GCTGTA	Jan063015	BD-2015-08	1609079	52949	903621	652509	401	66233	585875	36.41	135409	38	49	18657	40102	391620	66.84
UG-197	UG197	ATTATA	Jan063015	BD-2015-08	1665935	51989	896622	717324	428	44445	672451	40.36	107823	46	87	18627	29996	515872	76.72
UG-198	UG198	GAATGA	Jan063015	BD-2015-08	1442260	44955	761275	636030	361	42548	593121	41.12	86163	46	40	17670	36086	453116	76.40
UG-199	UG199	TCGGGA	Jan063015	BD-2015-08	1566357	55532	721658	789167	479	50836	737852	47.11	103347	63	118	28543	44098	561683	76.12
UG-45	UG45	CGTGAT	Jan063015	BD-2015-08	1795912	50218	802266	943428	589	64901	877938	48.89	183179	39	41	25079	48047	621553	70.80
UG-49	UG49	CTTCGA	Jan063015	BD-2015-08	1610071	82874	990157	537040	314	173521	363205	22.56	68298	55	51	7293	48500	239008	65.81
UG-59	UG59	ACATCG	Jan063015	BD-2015-08	1508686	36467	911855	560364	321	64350	495693	32.86	86790	53	213	18672	51923	338042	68.20
UG-65	UG65	TGCCGA	Jan063015	BD-2015-08	1779376	92575	693865	992936	566	601877	390493	21.95	68542	39	54	10851	23856	287151	73.54
UG-68	UG68	GCCTAA	Jan063015	BD-2015-08	1519729	27710	904994	587025	330	105360	481335	31.67	144730	70	73	24760	47845	263857	54.82
UG-77	UG77	TGGTCA	Jan063015	BD-2015-08	1478904	36505	585585	856814	548	143311	712955	48.21	74733	22	144	11429	27933	598694	83.97
UG-81	UG81	CACTGT	Jan063015	BD-2015-08	1552838	37266	813999	701573	434	41022	660117	42.51	102657	26	73	11929	31106	514326	77.91
UG-97	UG97	ATTGGC	Jan063015	BD-2015-08	1443808	31933	593287	818588	454	46817	771317	53.42	56911	12	105	6641	25970	681678	88.38
GAF-128	GH-S104	TTCACA	Jan_first	Jan_first	3672628	126795	256164	3289669	3485	91191	3194993	86.99	160248	26	222	121748	142158	2770591	86.72
GAF-133	GH-S152b	ATAGGT	Jan_first	Jan_first	1552534	57574	50716	1444244	1523	12435	1430286	92.13	17221	0	28	3704	12139	1397194	97.69
GAF-142	GH-S006a	TAGAGC	Jan_first	Jan_first	1275577	21923	117022	1136632	1124	19258	1116250	87.51	89341	11	109	30792	56172	939825	84.19
GAF-143	GH-S007a	GCCTGT	Jan_first	Jan_first	1466025	22488	382152	1061385	1090	41027	1019268	69.53	63315	13	159	35712	48564	871505	85.50
GAF-144	GH-S008a	TAAGTT	Jan_first	Jan_first	1887872	30895	490529	1366448	1382	79609	1285457	68.09	93242	48	651	57152	89396	1044968	81.29
GAF-145	GH-S009a	ATTGAG	Jan_first	Jan_first	2102909	42871	659250	1400788	1446	91145	1308197	62.21	84223	21	197	24749	50999	1148008	87.75
GAF-146	GH-S011b	CGCATC	Jan_first	Jan_first	5128258	107651	526582	4494025	4320	58002	4431703	86.42	100198	22	1426	23266	153607	4153184	93.72
GAF-147	GH-S012a	AACGCG	Jan_first	Jan_first	1899646	43468	265292	1590886	1499	60838	1528549	80.46	75551	21	165	17623	88340	1346849	88.11
GAF-148	GH-S013a	CGACAG	Jan_first	Jan_first	1462079	21283	116938	1323858	1254	33415	1289189	88.18	23934	8	695	3750	43892	1216910	94.39
GAF-149	GH-S014a	ACACCA	Jan_first	Jan_first	341580	3436	59989	278155	275	10685	267195	78.22	5472	5	26	4321	23644	233727	87.47
GAF-150	GH-S015a	CTTTCT	Jan_first	Jan_first	887957	18259	186688	683010	693	16628	665689	74.97	13724	4	71	6540	17882	627468	94.26
GAF-151	GH-S019a	ATCACG	Jan_first	Jan_first	403462	8988	93251	301223	288	6252	294683	73.04	7074	3	59	1264	7244	279039	94.69
GAF-152	GH-S023a	CGATGT	Jan_first	Jan_first	1602477	30501	172824	1399152	1327	17307	1380518	86.15	206309	12	111	20285	42146	1111655	80.52
GAF-153	GH-S111	TTAGGC	Jan_first	Jan_first	761031	12467	73912	674652	680	13121	660851	86.84	17409	4	16	7920	13092	622410	94.18
GAF-154	GH-S113	TGACCA	Jan_first	Jan_first	1401262	25151	193325	1182786	1177	24286	1157323	82.59	58609	7	62	25868	42710	1030067	89.00
GAF-155	GH-S116	ACAGTG	Jan_first	Jan_first	1135702	26026	340193	769483	789	31507	737187	64.91	33328	14	59	16364	40257	647165	87.79
GAF-156	GH-S119	GCCAAT	Jan_first	Jan_first	872156	14207	187249	670700	610	46784	623306	71.47	52748	7	57	17026	28495	524973	84.22
GAF-157	GH-S122	CAGATC	Jan_first	Jan_first	1244498	20786	252834	970878	949	73805	896124	72.01	63081	17	107	18222	55673	759024	84.70
GAF-158	GH-S123	ACTTGA	Jan_first	Jan_first	1157476	25290	192766	939420	930	74356	864134	74.66	58518	22	91	13582	100126	691795	80.06
GAF-159	GH-S124	GATCAG	Jan_first	Jan_first	1195827	22306	209928	963593	944	33058	929591	77.74	66624	19	57	20563	63052	779276	83.83
GAF-160	GH-S126	TAGCTT	Jan_first	Jan_first	1270763	31086	93003	1146674	1110	19925	1125639	88.58	68758	6	63	16599	52135	988078	87.78
GAF-161	GH-S130	GGCTAC	Jan_first	Jan_first	732448	21985	164232	546231	520	12604	533107	72.78	39765	9	55	39392	20677	433209	81.26
GAF-164	GH-S027a	CCGGAG	Jan_first	Jan_first	668297	8103	82868	577326	544	16415	560367	83.85	22547	17	52	17178	15678	504895	90.10
GAF-166	GH-S030a	TTTAGG	Jan_first	Jan_first	1186873	15170	88975	1082728	1072	15965	1065691	89.79	37507	10	55	24394	24138	979587	91.92
GAF-169	GH-S034a	GACTCT	Jan_first	Jan_first	1374154	29483	243855	1100816	1093	12701	1087022	79.10	48390	11	309	8034	23351	1006927	92.63
GAF-171	GH-S036a	AGAAGA	Jan_first	Jan_first	1594322	45090	112864	1436368	1372	27488	1407508	88.28	133652	15	57	27583	42629	1203572	85.51
GAF-173	GH-S039a	ATTCGC	Jan_first	Jan_first	1144316	32342	432115	679859	631	35306	643922	56.27	58846	34	66	23049	31947	529980	82.30
GAF-174	GH-S040b	AAGGCC	Jan_first	Jan_first	1272100	29847	59687	1182566	1202	19190	1162174	91.36	132887	5	106	8398	23477	997301	85.81
GAF-175	GH-S041a	CACCGG	Jan_first	Jan_first	1065643	19343	135363	910937	817	25173	884947	83.04	81212	8	58	11447	21718	770504	87.07
GAF-176	GH-S043a	GGACCT	Jan_first	Jan_first	1253886	25522	198740	1029624	1029	19688	1008907	80.46	152505	5	53	14417	32261	809666	80.25
GAF-177	MO-AS001	CGTGTT	Jan_first	Jan_first	1290439	20800	133791	1135848	1163	52646	1082039	83.85	121180	24	85	17665	39298	903787	83.53
GAF-178	MO-AS015	TTACAG	Jan_first	Jan_first	1894095	37766	194773	1661556	1653	48735	1611168	85.06	122510	44	124	26542	80348	1381600	85.75
GAF-179	MO-AS020	GTTTTC	Jan_first	Jan_first	1638255	34661	168924	1434670	1405	21593	1411672	86.17	121157	40	254	51062	81493	1157666	82.01
GAF-180	MO-AS036	CAGTGA	Jan_first	Jan_first	1556146	28283	115852	1412011	1319	42351	1368341	87.93	96660	36	57	25039	25399	1221150	89.24
GAF-257	GH-S102	CAAAAT	Jan_first	Jan_first	1650807	7999	5786	1637022	1587	6433	1629002	98.68	32539	39	280	30784	71201	1494159	91.72
GAF-258	GH-S103	GGTATA	Jan_first	Jan_first	2243014	9424	3249	2230341	2167	4579	2223595	99.13	16232	14	1193	9469	102924	2093763	94.16
GAF-259	GH-S105	TCCGCT	Jan_first	Jan_first	1742299	7891	2088	1732320	1613	5294	1725413	99.03	24882	15	459	16879	63780	1619398	93.86
GAF-267	GH-S026a	TGTCAT	Jan_first	Jan_first	1564366	42381	41702	1480283	1490	19060	1459733	93.31	50251	12	172	10461	30437	1368400	93.74
GAF-268	GH-S032a	AATTGG	Jan_first	Jan_first	2530293	89667	62010	2378616	2332	40426	2335858	92.32	134801	25	87	77078	91703	2032164	87.00
GAF-269	GH-S035a	CTCTGC	Jan_first	Jan_first	1370790	35014	33793	1301983	1233	34686	1266064	92.36	69509	13	32	16865	41133	1138512	89.93
#GAF-271		GCTTCG	Jan_first	Jan_first	849598	52838	28539	768221	731	23525	743965	87.57	142972	82	38	70602	54953	475318	63.89
#GAF-272		TACGGC	Jan_first	Jan_first	2073973	72001	61511	1940461	1832	28474	1910155	92.10	135511	21	38	22045	31400	1721140	90.10
#GAF-274		TGCAGG	Jan_first	Jan_first	1430249	54995	61248	1314006	1198	230040	1082768	75.70	176579	25	168	2971	272037	630988	58.28
#GAF-277		CAAGTA	Jan_first	Jan_first	1744141	44650	52555	1646936	1590	28550	1616796	92.70	35183	22	112	13783	38373	1529323	94.59
#GAF-278		ATCATT	Jan_first	Jan_first	2304127	26831	125477	2151819	2090	493504	1656225	71.88	588268	34	586	3734	215199	848404	51.23
#GAF-280		GGCACG	Jan_first	Jan_first	1223040	37084	39350	1146606	1092	214927	930587	76.09	209403	113	364	54696	281078	384933	41.36
#GAF-281		TCTTGT	Jan_first	Jan_first	1791506	53369	53217	1684920	1666	31998	1651256	92.17	132718	167	178	13937	134147	1370109	82.97
#GAF-282		ACGATA	Jan_first	Jan_first	1707099	47991	30362	1628746	1565	14560	1612621	94.47	68905	54	102	2387	61749	1479424	91.74
GAF-290	GH-S156a	CGCGCG	Jan_first	Jan_first	857856	15439	25132	817285	682	11058	805545	93.90	12328	1	108	5190	25048	762870	94.70
GAF-291	BF-S003	GTTGGA	Jan_first	Jan_first	1464039	12623	59640	1391776	1321	62138	1328317	90.73	126162	31	660	34606	142342	1024516	77.13
GAF-292	GH-S004a	TCGAAG	Jan_first	Jan_first	1123176	25368	43629	1054179	950	8369	1044860	93.03	53962	5	465	6736	119930	863762	82.67
GAF-293	GH-S025a	AGCCTG	Jan_first	Jan_first	1544897	39174	40643	1465080	1378	8707	1454995	94.18	19801	7	222	6815	22624	1405526	96.60
GAF-294	GH-S031a	CCTTCA	Jan_first	Jan_first	1412658	21325	39820	1351513	1234	18411	1331868	94.28	18735	4	68	24540	44439	1244082	93.41
#GAF-295		GAAATG	Jan_first	Jan_first	1656493	17907	49038	1589548	1519	92763	1495266	90.27	478306	86	79	12947	440530	563318	37.67
#GAF-296		TGGTTT	Jan_first	Jan_first	1594664	36837	52167	1505660	1476	12618	1491566	93.53	23196	8	41	11501	49321	1407499	94.36
#GAF-297		ACCACT	Jan_first	Jan_first	1643023	28328	56205	1558490	1496	24116	1532878	93.30	19994	21	36	12217	33153	1467457	95.73
#GAF-298		TACTAG	Jan_first	Jan_first	1380960	28530	25642	1326788	1232	8517	1317039	95.37	12785	13	39	8368	25803	1270031	96.43
#GAF-299		GTATAT	Jan_first	Jan_first	1360334	19584	34920	1305830	1287	12500	1292043	94.98	35150	19	34	9907	27947	1218986	94.35
#GAF-300		AGTGAA	Jan_first	Jan_first	1859575	31241	30907	1797427	1736	34211	1761480	94.72	68248	111	122	56656	89396	1546947	87.82
#GAF-301		CTGAAC	Jan_first	Jan_first	1654488	34849	45607	1574032	1517	14430	1558085	94.17	9546	10	213	2061	54909	1491346	95.72
#GAF-302		GCGGTC	Jan_first	Jan_first	1524864	29266	73458	1422140	1315	33479	1387346	90.98	659663	69	3216	13143	142335	568920	41.01
GAF-181	MO-AS049	ATCACG	Jan_first	Jan_first	1676421	26829	216745	1432847	1132	112899	1318816	78.67	130145	35	96	13016	20251	1155273	87.60
GAF-182	MO-AS065	CGATGT	Jan_first	Jan_first	2492127	44580	384697	2062850	1488	172045	1889317	75.81	233784	167	228	51008	90500	1513630	80.12
GAF-183	MO-AS068	TTAGGC	Jan_first	Jan_first	1381384	23032	149273	1209079	986	77725	1130368	81.83	115859	106	282	45680	65469	902972	79.88
GAF-184	MO-AS082	TGACCA	Jan_first	Jan_first	1232769	17353	128355	1087061	854	54578	1031629	83.68	86901	41	80	16918	26186	901503	87.39
GAF-185	MO-BS003	ACAGTG	Jan_first	Jan_first	927237	18338	157768	751131	563	81102	669466	72.20	85686	58	113	22684	34480	526445	78.64
GAF-186	MO-BS006	GCCAAT	Jan_first	Jan_first	1367827	23848	241190	1102789	790	50265	1051734	76.89	91487	15	334	8512	30001	921385	87.61
GAF-187	MO-BS022	CAGATC	Jan_first	Jan_first	1574295	22908	221603	1329784	1008	81215	1247561	79.25	100424	31	425	7913	33835	1104933	88.57
GAF-188	MO-BS024	ACTTGA	Jan_first	Jan_first	1377872	29368	217575	1130929	859	72445	1057625	76.76	191762	37	148	23608	39916	802154	75.84
GAF-189	MO-BS038	GATCAG	Jan_first	Jan_first	1171818	27308	198188	946322	742	30839	914741	78.06	74378	7	76	8046	27841	804393	87.94
GAF-190	MO-BS044	TAGCTT	Jan_first	Jan_first	1200436	23731	156469	1020236	764	54734	964738	80.37	167076	31	111	19587	33819	744114	77.13
GAF-191	MO-BS046	GGCTAC	Jan_first	Jan_first	1336603	26018	114932	1195653	907	63707	1131039	84.62	168398	26	74	15576	29123	917842	81.15
GAF-192	MO-BS047	CTTGTA	Jan_first	Jan_first	1227856	17073	118327	1092456	841	94674	996941	81.19	154859	22	105	8629	21664	811662	81.42
GAF-193	MO-BS062	AACCGT	Jan_first	Jan_first	952398	11327	100906	840165	605	160797	678763	71.27	203654	68	277	28781	60348	385635	56.81
GAF-194	MO-BS073	CCGGAG	Jan_first	Jan_first	963220	14374	76989	871857	639	20272	850946	88.34	20737	7	186	3059	18885	808072	94.96
GAF-195	MO-BS094	TGCGAC	Jan_first	Jan_first	1492729	21087	110347	1361295	1004	27995	1332296	89.25	44357	15	52	11640	15230	1261002	94.65
GAF-196	MO-CS019	TTTAGG	Jan_first	Jan_first	1994918	29614	167991	1797313	1416	20946	1774951	88.97	60469	35	97	13518	32828	1668004	93.97
GAF-197	MO-CS025	CAAAAT	Jan_first	Jan_first	1899198	39476	216772	1642950	1241	19081	1622628	85.44	31083	18	282	9196	30649	1551400	95.61
GAF-198	MO-CS026	GGTATA	Jan_first	Jan_first	1669844	38004	258483	1373357	1080	22053	1350224	80.86	70280	17	64	13631	16424	1249808	92.56
GAF-199	MO-CS047	TCCGCT	Jan_first	Jan_first	1853007	36264	220713	1596030	1165	27134	1567731	84.60	91954	56	244	19712	58695	1397070	89.11
GAF-200	MO-CS064	ACGGAC	Jan_first	Jan_first	1908577	25551	262408	1620618	1118	113565	1505935	78.90	107465	57	381	17296	58079	1322657	87.83
GAF-201	MO-CS085	CGTTAA	Jan_first	Jan_first	2001345	31048	197800	1772497	1398	46557	1724542	86.17	86468	15	225	14787	31824	1591223	92.27
GAF-202	MO-CS090	GACTCT	Jan_first	Jan_first	2819437	41743	376678	2401016	1842	73966	2325208	82.47	128595	41	624	18405	40760	2136783	91.90
GAF-203	MO-CS021	TTGTTC	Jan_first	Jan_first	1584335	14272	146371	1423692	1076	75333	1347283	85.04	114562	26	70	7505	42160	1182960	87.80
GAF-204	MO-AS003	AGAAGA	Jan_first	Jan_first	1676169	25749	216175	1434245	1156	38762	1394327	83.19	31928	25	344	12677	24113	1325240	95.05
GAF-205	MO-DS025	GAGGAT	Jan_first	Jan_first	1713466	26624	172057	1514785	1165	67547	1446073	84.39	120175	38	597	10487	51850	1262926	87.33
GAF-206	MO-DS028	ATTCGC	Jan_first	Jan_first	1689327	21059	326420	1341848	984	105811	1235053	73.11	100085	30	222	11271	53428	1070017	86.64
GAF-207	MO-DS048	AAGGCC	Jan_first	Jan_first	1850929	26650	371661	1452618	1145	45698	1405775	75.95	87930	32	174	8413	39539	1269687	90.32
GAF-208	MO-DS051	CACCGG	Jan_first	Jan_first	1532871	16029	201086	1315756	887	95719	1219150	79.53	150673	52	307	14155	38566	1015397	83.29
GAF-210	MO-DS062	TTCACA	Jan_first	Jan_first	1639313	20347	145477	1473489	1120	30095	1442274	87.98	34274	14	170	7976	27643	1372197	95.14
GAF-211	MO-DS070	ATAGGT	Jan_first	Jan_first	1517979	21518	190073	1306388	1019	41357	1264012	83.27	57813	12	174	14083	26228	1165702	92.22
GAF-212	MO-DS083	CGCGCG	Jan_first	Jan_first	958570	9575	118377	830618	491	63648	766479	79.96	98109	76	234	31050	78140	558870	72.91
#GAF-213	Tanzania	GTTGGA	Jan_first	Jan_first	1581922	13630	238323	1329969	936	104737	1224296	77.39	628188	33	303	8310	36607	550855	44.99
#GAF-214		TCGAAG	Jan_first	Jan_first	1432104	13542	84123	1334439	955	90744	1242740	86.78	134048	126	301	9541	71974	1026750	82.62
#GAF-215		AGCCTG	Jan_first	Jan_first	1710167	18012	126177	1565978	1138	76791	1488049	87.01	191546	185	252	53214	66565	1176287	79.05
#GAF-216		CCTTCA	Jan_first	Jan_first	1256738	13163	87062	1156513	828	98857	1056828	84.09	172302	94	140	5637	44821	833834	78.90
#GAF-217		GAAATG	Jan_first	Jan_first	1301625	13623	84186	1203816	989	61257	1141570	87.70	301497	72	90	9237	65684	764990	67.01
#GAF-218		TGGTTT	Jan_first	Jan_first	1525634	18172	148943	1358519	1065	111245	1246209	81.68	138721	75	192	7187	38945	1061089	85.15
#GAF-219		ACCACT	Jan_first	Jan_first	1483596	18080	191297	1274219	909	70863	1202447	81.05	148211	86	102	9275	51166	993607	82.63
#GAF-222		TAAACC	Jan_first	Jan_first	1620083	39537	174910	1405636	1113	114260	1290263	79.64	352005	50	46	15630	91862	830670	64.38
#GAF-223		TACTAG	Jan_first	Jan_first	1201169	26445	273382	901342	697	250237	650408	54.15	275524	282	248	24907	135300	214147	32.93
#GAF-224		GTATAT	Jan_first	Jan_first	1184078	14313	80646	1089119	802	178589	909728	76.83	149124	471	504	43424	208907	507298	55.76
#GAF-225		AGTGAA	Jan_first	Jan_first	3175610	32842	169632	2973136	2268	328185	2642683	83.22	241720	585	533	38348	217093	2144404	81.14
#GAF-226		CTGAAC	Jan_first	Jan_first	1425449	13332	109699	1302418	931	338135	963352	67.58	186411	541	444	39618	233340	502998	52.21
#GAF-238		CTGAGG	Jan_first	Jan_first	1596971	26615	124187	1446169	1113	19501	1425555	89.27	87046	76	93	3190	27371	1307779	91.74
#GAF-239		GTCGCT	Jan_first	Jan_first	1354852	35502	352715	966635	748	24196	941691	69.51	95977	111	32	4038	30830	810703	86.09
#GAF-240		TTTCTT	Jan_first	Jan_first	1492487	50998	260707	1180782	955	25223	1154604	77.36	328217	258	66	17843	90702	717518	62.14
#GAF-241		TGATAC	Jan_first	Jan_first	1668249	23883	193552	1450814	1169	31638	1418007	85.00	10598	4	19	1723	28838	1376825	97.10
#GAF-242		GGTCGC	Jan_first	Jan_first	1097740	21615	424415	651710	485	125718	525507	47.87	81294	108	33	64687	67900	311485	59.27
#GAF-243		GACAGA	Jan_first	Jan_first	1483370	29870	294567	1158933	827	55728	1102378	74.32	71428	45	14	10383	51350	969158	87.92
#GAF-244		GAGTTG	Jan_first	Jan_first	1614347	21678	205164	1387505	1059	40249	1346197	83.39	54099	30	77	12251	21432	1258308	93.47
#GAF-249		TCCAGA	Jan_first	Jan_first	1339825	26518	355233	958074	667	46823	910584	67.96	38542	17	412	1295	81357	788961	86.64
GAF-260	GH-S110	TATCAA	Jan_first	Jan_first	1415602	35352	37108	1343142	1036	20763	1321343	93.34	47540	8	58	58504	32781	1182452	89.49
#GAF-261	GH-S143a	GTCCTA	Jan_first	Jan_first	1371606	40059	58614	1272933	970	27962	1244001	90.70	53462	17	191	20464	58860	1111007	89.31
GAF-262	GH-S149a	ATGTAA	Jan_first	Jan_first	1676038	46091	58438	1571509	1219	44829	1525461	91.02	68650	28	323	48655	66015	1341790	87.96
GAF-263	BF-S001	CATGCA	Jan_first	Jan_first	1403046	33169	53017	1316860	981	39691	1276188	90.96	65929	16	89	24730	61515	1123909	88.07
GAF-264	BF-S005	TCTCTC	Jan_first	Jan_first	1608627	45050	42371	1521206	1132	56127	1463947	91.01	65288	23	116	29217	54607	1314696	89.80
#GAF-265	BF-S008	GCACGA	Jan_first	Jan_first	1312842	31687	32582	1248573	923	49470	1198180	91.27	83464	22	223	21016	45965	1047490	87.42
#GAF-283		CGTGTT	Jan_first	Jan_first	1598560	60781	79417	1458362	1159	44728	1412475	88.36	227388	184	76	11460	135847	1037520	73.45
#GAF-285		TCATTA	Jan_first	Jan_first	1793332	49999	142631	1600702	1225	65558	1533919	85.53	145141	281	33	158123	237083	993258	64.75
#GAF-286		ACCCTC	Jan_first	Jan_first	1892092	57473	48972	1785647	1236	58255	1726156	91.23	354635	134	321	9315	627733	734018	42.52
#GAF-100			Jan_second	Jan_second	111	18	11	82	0	2	80	72.07	4	0	0	2	4	70	87.50
GAF-202	MO-CS090	GACTCT	Jan_second	Jan_second	26788625	372341	3356417	23059867	18209	760726	22280932	83.17	1278062	340	5788	176783	414302	20405657	91.58
GAF-207	MO-DS048	AAGGCC	Jan_second	Jan_second	19173353	260870	3653080	15259403	11925	538926	14708552	76.71	963396	330	1822	87425	448845	13206734	89.79
GAF-208	MO-DS051	CACCGG	Jan_second	Jan_second	16105998	151252	2061842	13892904	10638	1119310	12762956	79.24	1607574	524	3333	150357	423642	10577526	82.88
GAF-212	MO-DS083	CGCGCG	Jan_second	Jan_second	10008047	78884	1196416	8732747	6586	725655	8000506	79.94	1120731	750	2806	352686	838113	5685420	71.06
#GAF-225		AGTGAA	Jan_second	Jan_second	27279353	249400	1395697	25634256	19781	2946247	22668228	83.10	2183513	5209	4612	356378	2003138	18115378	79.92
#GAF-241		TGATAC	Jan_second	Jan_second	15449915	202491	1712853	13534571	10558	323262	13200751	85.44	108124	40	270	16959	280635	12794723	96.92
#GAF-242		GGTCGC	Jan_second	Jan_second	9776632	179962	3571843	6024827	4503	1272850	4747474	48.56	761491	798	358	607480	682547	2694800	56.76
#GAF-243		GACAGA	Jan_second	Jan_second	12910040	248709	2384069	10277262	7846	533943	9735473	75.41	625327	375	214	88274	531070	8490213	87.21
GAF-261	GH-S143a	GTCCTA	Jan_second	Jan_second	13266248	359758	542007	12364483	9978	293852	12060653	90.91	542101	131	1888	200512	592628	10723393	88.91
GAF-265	BF-S008	GCACGA	Jan_second	Jan_second	14077673	320014	375012	13382647	11079	578033	12793535	90.88	949907	215	2569	221113	517857	11101874	86.78
#GAF-271		GCTTCG	Jan_second	Jan_second	9424049	492984	291842	8639223	6998	284363	8347862	88.58	1681162	959	435	836430	658720	5170156	61.93
GAF-142	GH-S006a		Jan_second	Jan_second	4915	4669	59	187	1	20	166	3.38	18	0	0	6	17	125	75.30
GAF-148	GH-S013a		Jan_second	Jan_second	3244	1810	831	603	3	84	516	15.91	44	0	0	9	32	431	83.53
GAF-175	GH-S041a	CACCGG	Jan_second	Jan_second	6357699	153034	876622	5328043	15376	163766	5148901	80.99	487460	39	382	66356	135806	4458858	86.60
#GAF-226		CTGAAC	Jan_second	Jan_second	8514961	124580	744101	7646280	22513	2075051	5548716	65.16	1088827	2954	2864	240737	1457776	2755558	49.66
